{
  "rotations": [
    [
      [
        0.8365404948880477,
        0.5007761093256283,
        -0.22231349203578785
      ],
      [
        -0.48395548409074274,
        0.8655768498260786,
        0.12870045246096357
      ],
      [
        0.2568795239620216,
        -7.330653592692304e-05,
        0.9664434307269085
      ]
    ],
    [
      [
        0.933350082009502,
        0.2595543844504798,
        -0.24797005046051057
      ],
      [
        -0.2508470017575199,
        0.9657284924511494,
        0.06666528764876639
      ],
      [
        0.2567750107041541,
        -1.9508010483164362e-05,
        0.9664712067606147
      ]
    ],
    [
      [
        0.8367078691612009,
        0.500522802631358,
        -0.2222540567228722
      ],
      [
        -0.4837211597799022,
        0.8657233485672922,
        0.12859596932494155
      ],
      [
        0.25677574119240565,
        -8.826939281507407e-05,
        0.966471008847966
      ]
    ],
    [
      [
        0.933321184574412,
        0.25947205219167735,
        -0.2481649059719282
      ],
      [
        -0.2507614451591271,
        0.9657506169059774,
        0.06666666008906127
      ],
      [
        0.2569635461428772,
        8.784293357246009e-06,
        0.9664210965601454
      ]
    ],
    [
      [
        0.8357358103474519,
        0.5006456293253512,
        0.22560941722435063
      ],
      [
        -0.4833891817203273,
        0.8656523152347508,
        -0.13031104375481056
      ],
      [
        -0.26053896886769246,
        -0.00015154583082989392,
        0.9654633202433021
      ]
    ],
    [
      [
        0.9322622842661181,
        0.25948995736543884,
        0.2520952109053292
      ],
      [
        -0.250537388789747,
        0.9657457922372553,
        -0.06757278738109967
      ],
      [
        -0.2609943488915705,
        -0.00016371474848903,
        0.9653403146269953
      ]
    ],
    [
      [
        0.8356660899896045,
        0.5006362483912575,
        0.22588831939304216
      ],
      [
        -0.48336057648803415,
        0.865657723198791,
        -0.13038120786156454
      ],
      [
        -0.2608155270275166,
        -0.000230354101938543,
        0.965388630448042
      ]
    ],
    [
      [
        0.9323894382810026,
        0.2593206484090448,
        0.2517990005753581
      ],
      [
        -0.2503695972282801,
        0.965791280291147,
        -0.06754456082717758
      ],
      [
        -0.2607009784519142,
        -6.497922794675148e-05,
        0.9654195956225018
      ]
    ],
    [
      [
        0.8368502395328776,
        0.5004396119344511,
        -0.22190509548151804
      ],
      [
        -0.48350522563380094,
        0.8657711347165454,
        0.12908539451244272
      ],
      [
        0.25671847105062956,
        -0.0007328700578521502,
        0.9664859489526507
      ]
    ],
    [
      [
        0.933550591279781,
        0.2592964283083407,
        -0.24748465768145914
      ],
      [
        -0.25052086398036183,
        0.965797683263994,
        0.06688895060049449
      ],
      [
        0.25636417501613706,
        -0.00044414911893245895,
        0.9665801635145715
      ]
    ],
    [
      [
        0.8368328040122154,
        0.5004938496978304,
        -0.2218485171095325
      ],
      [
        -0.48349849016405405,
        0.8657395621170557,
        0.1293221581727153
      ],
      [
        0.2567879828538188,
        -0.0009576011769913129,
        0.9664672859760193
      ]
    ],
    [
      [
        0.9335349551296999,
        0.259288353868251,
        -0.24755208966858325
      ],
      [
        -0.2504721082296605,
        0.9657997788216125,
        0.06704110848661383
      ],
      [
        0.2564687321097426,
        -0.0005803244069483848,
        0.966552353819287
      ]
    ],
    [
      [
        0.8355071129107194,
        0.5006219653567887,
        0.22650720094050172
      ],
      [
        -0.4835402948160456,
        0.8656651949693999,
        -0.12966323113281952
      ],
      [
        -0.2609916618683561,
        -0.0011908068262701382,
        0.965340320516188
      ]
    ],
    [
      [
        0.9322860953116272,
        0.2591684050185228,
        0.2523378178726978
      ],
      [
        -0.25040844530049045,
        0.9658317342499009,
        -0.06681819840447867
      ],
      [
        -0.2610330381595233,
        -0.0008938433777515506,
        0.9653294536235932
      ]
    ],
    [
      [
        0.8354849589684072,
        0.5006168591795568,
        0.2266001845602848
      ],
      [
        -0.483566466886464,
        0.8656679276384488,
        -0.12954733174055005
      ],
      [
        -0.261014090501838,
        -0.0013414034999174873,
        0.965334058860532
      ]
    ],
    [
      [
        0.9322598846009592,
        0.2592473825691844,
        0.252353526218346
      ],
      [
        -0.25049772734526926,
        0.9658104868109826,
        -0.06679065923307254
      ],
      [
        -0.2610409855916532,
        -0.0009477325362143088,
        0.965327253134593
      ]
    ],
    [
      [
        0.8367197790950471,
        0.5006289360815284,
        -0.2219699971370287
      ],
      [
        -0.483768348970968,
        0.8656618836284762,
        0.12883201374930958
      ],
      [
        0.25664799980720543,
        -0.00041423504862155014,
        0.9665048538958743
      ]
    ],
    [
      [
        0.9333791940824466,
        0.25944557928219997,
        -0.2479743362626987
      ],
      [
        -0.2507210704643967,
        0.9657577241149562,
        0.06671553895073577
      ],
      [
        0.25679218227817857,
        -9.850494313175251e-05,
        0.9664666395782043
      ]
    ],
    [
      [
        0.8367046215730629,
        0.5005890385533804,
        -0.22211706534726133
      ],
      [
        -0.48377085968625994,
        0.8656850313421025,
        0.12866694147542235
      ],
      [
        0.25669267920354555,
        -0.00020246092212289346,
        0.9664930560810463
      ]
    ],
    [
      [
        0.9333600712275514,
        0.25943972377838315,
        -0.24805242825640056
      ],
      [
        -0.25071166752183754,
        0.965759297815396,
        0.06672809342048454
      ],
      [
        0.25687085705957396,
        -9.170010681897045e-05,
        0.9664457327675313
      ]
    ],
    [
      [
        0.8356178341445252,
        0.5007353691627361,
        0.22584712822852288
      ],
      [
        -0.48348264377319977,
        0.8656003682174772,
        -0.13030938458854296
      ],
      [
        -0.26074387515278225,
        -0.00030432092592687365,
        0.9654079650381407
      ]
    ],
    [
      [
        0.9322872292358374,
        0.2594898678656472,
        0.25200303704287896
      ],
      [
        -0.25057515083433834,
        0.9657457898336748,
        -0.067432656798325
      ],
      [
        -0.2608689632518868,
        -0.0002790942512091929,
        0.9653741793306289
      ]
    ],
    [
      [
        0.8356051046827806,
        0.5007039196593166,
        0.2259639216022685
      ],
      [
        -0.4834481769082787,
        0.8656185437316283,
        -0.13031652616608957
      ],
      [
        -0.2608485562009904,
        -0.0003486914567503302,
        0.965379670980349
      ]
    ],
    [
      [
        0.932306490316785,
        0.25935108256048905,
        0.2520746399142546
      ],
      [
        -0.2504106679208747,
        0.9657830929223725,
        -0.06750936836260357
      ],
      [
        -0.2609580531514982,
        -0.00018275666520054662,
        0.9653501235797204
      ]
    ],
    [
      [
        0.8369159900745231,
        0.5003826070459613,
        -0.2217856445387477
      ],
      [
        -0.48347695321160766,
        0.8658041025636666,
        0.12897011939649
      ],
      [
        0.2565573255060194,
        -0.0007089074770765258,
        0.9665287560023175
      ]
    ],
    [
      [
        0.9335580480279155,
        0.2592574711310868,
        -0.24749734266254603
      ],
      [
        -0.25046132663074344,
        0.9658081016499154,
        0.06696144151490976
      ],
      [
        0.2563951926707599,
        -0.0005238798529496047,
        0.9665718963042653
      ]
    ],
    [
      [
        0.836792213826579,
        0.5005819533104248,
        -0.22180283789693178
      ],
      [
        -0.4835555023497221,
        0.865688491494019,
        0.12945080858039268
      ],
      [
        0.2568129027648742,
        -0.0010694459917826582,
        0.9664605471816995
      ]
    ],
    [
      [
        0.9335525484949064,
        0.25927026418185806,
        -0.24750468542986215
      ],
      [
        -0.2504290036675735,
        0.9658045630706313,
        0.06713315182540919
      ],
      [
        0.25644678457865666,
        -0.0006899731998496611,
        0.9665581051422887
      ]
    ],
    [
      [
        0.8356177195902169,
        0.5004542457265707,
        0.2264698095576865
      ],
      [
        -0.4834050399254482,
        0.8657620879812106,
        -0.12952055585539451
      ],
      [
        -0.2608880872740674,
        -0.0012469758071999987,
        0.9653682463028369
      ]
    ],
    [
      [
        0.9322599796933706,
        0.25921953293042244,
        0.25238178224556945
      ],
      [
        -0.25046204817977447,
        0.9658179866598137,
        -0.06681600905454141
      ],
      [
        -0.2610748794574244,
        -0.0009221668601083061,
        0.965318111776928
      ]
    ],
    [
      [
        0.8355001363586255,
        0.5005945004424054,
        0.22659361922070337
      ],
      [
        -0.48355801629737427,
        0.8656807969071458,
        -0.1294928675285155
      ],
      [
        -0.2609811621923446,
        -0.0013798525384617621,
        0.9653429074622684
      ]
    ],
    [
      [
        0.9322760821542985,
        0.25919489539347584,
        0.25234760320834565
      ],
      [
        -0.25046842676787495,
        0.9658244960221141,
        -0.06669790158659386
      ],
      [
        -0.2610112523157904,
        -0.0010242487951755766,
        0.9653352148756142
      ]
    ],
    [
      [
        0.8448519372581186,
        0.4931681702437348,
        -0.20738939213385668
      ],
      [
        -0.47823402853241637,
        0.8699301053587459,
        0.12047334038772686
      ],
      [
        0.23982789259145812,
        -0.0026014705394644816,
        0.9708119355911176
      ]
    ],
    [
      [
        0.8366895126997224,
        0.5005948166740023,
        -0.22216095259388738
      ],
      [
        -0.483768217183281,
        0.8656816890008049,
        0.12869936041808455
      ],
      [
        0.2567469014060565,
        -0.00020699718888882168,
        0.9664786525167293
      ]
    ],
    [
      [
        0.9334170038445271,
        0.2595314182619087,
        -0.24774208336265463
      ],
      [
        -0.2508132499338008,
        0.9657346568221638,
        0.06670297047525342
      ],
      [
        0.2565646323863659,
        -0.00012468977498301254,
        0.9665270683539645
      ]
    ],
    [
      [
        0.8475837560055091,
        0.48967302075478114,
        0.20450454591642064
      ],
      [
        -0.475255755912819,
        0.8719016312730133,
        -0.11798098090452226
      ],
      [
        -0.23607995049840358,
        0.002806800375152921,
        0.9717295811306381
      ]
    ],
    [
      [
        0.8355900013122556,
        0.5005734128020904,
        0.2263086567116986
      ],
      [
        -0.4832948862126722,
        0.8656939855839875,
        -0.13038395715881512
      ],
      [
        -0.26118078541053835,
        -0.0004262855609916544,
        0.9652898091314108
      ]
    ],
    [
      [
        0.9322772494493525,
        0.25930157790539043,
        0.25223366518949103
      ],
      [
        -0.25032290620886777,
        0.9657963997813396,
        -0.06764434046207572
      ],
      [
        -0.26114664996184794,
        -7.658444714842005e-05,
        0.965299135682057
      ]
    ],
    [
      [
        0.8370173224330332,
        0.500254553496689,
        -0.22169209199442388
      ],
      [
        -0.48329073687634283,
        0.8658778347930047,
        0.12917290297775125
      ],
      [
        0.25657760150986947,
        -0.000978222881696203,
        0.9665231386177138
      ]
    ],
    [
      [
        0.9334933075127035,
        0.2594850865865423,
        -0.24750299931145764
      ],
      [
        -0.250605127260596,
        0.9657467792714817,
        0.06730697227970067
      ],
      [
        0.2564903799749481,
        -0.0008050875322166001,
        0.9665464483481235
      ]
    ],
    [
      [
        0.8368125471227353,
        0.500607514203512,
        -0.22166839580991377
      ],
      [
        -0.48354329607519947,
        0.8656734511129336,
        0.12959690142497882
      ],
      [
        0.256769627874272,
        -0.0012620464350229232,
        0.966471813060321
      ]
    ],
    [
      [
        0.9335274879424725,
        0.2594044958423358,
        -0.24745855570701267
      ],
      [
        -0.2504520327826596,
        0.9657681365242813,
        0.06756985829089088
      ],
      [
        0.2565155132362383,
        -0.0011018217646418943,
        0.966539485721069
      ]
    ],
    [
      [
        0.8355223419048012,
        0.500598577312575,
        0.22650271647497433
      ],
      [
        -0.48358288840442043,
        0.8656784023289325,
        -0.12941597190325843
      ],
      [
        -0.26086396113751426,
        -0.0014029019399191406,
        0.9653745519982349
      ]
    ],
    [
      [
        0.9322836745378773,
        0.2591588827516396,
        0.25235654079313136
      ],
      [
        -0.25047123552344047,
        0.9658340003836389,
        -0.06654955956502197
      ],
      [
        -0.2609814368216918,
        -0.0011649866347211019,
        0.9653431164309539
      ]
    ],
    [
      [
        0.8356508406621487,
        0.5004747252834999,
        0.22630227982291656
      ],
      [
        -0.48359007764267725,
        0.8657494558887189,
        -0.12891282493971098
      ],
      [
        -0.2604386862702884,
        -0.0017114265372772108,
        0.965488871874251
      ]
    ],
    [
      [
        0.9322597702435013,
        0.25919992310304574,
        0.25240269540737814
      ],
      [
        -0.2505397859700468,
        0.9658228350196302,
        -0.06645349502266715
      ],
      [
        -0.2610010276447541,
        -0.0012849972839181142,
        0.965337667529017
      ]
    ],
    [
      [
        0.8451700289184482,
        0.49295446383689057,
        -0.20659990029347378
      ],
      [
        -0.4780164960918083,
        0.8700497235530551,
        0.12047285175242894
      ],
      [
        0.2391398161789454,
        -0.0030618831682850053,
        0.9709803155519499
      ]
    ],
    [
      [
        0.8367342339619153,
        0.5006434584225044,
        -0.22188273762264785
      ],
      [
        -0.4838161301420278,
        0.8656535154482635,
        0.12870875419510155
      ],
      [
        0.2565107676698175,
        -0.00034457338372234636,
        0.9665413117599392
      ]
    ],
    [
      [
        0.9334289487762708,
        0.2596410225518656,
        -0.24758218230447773
      ],
      [
        -0.25090240125807595,
        0.9657051760296507,
        0.0667944461199655
      ],
      [
        0.256433973235524,
        -0.00022890557694447977,
        0.9665617233125257
      ]
    ],
    [
      [
        0.84751711411246,
        0.48983619302327575,
        0.20438993441691639
      ],
      [
        -0.47548366279782006,
        0.8718106173351654,
        -0.11773501566673557
      ],
      [
        -0.23586018676083537,
        0.0025983660522953533,
        0.9717835256861488
      ]
    ],
    [
      [
        0.8355639418971051,
        0.5007156407549489,
        0.2260901282779338
      ],
      [
        -0.4834855166047436,
        0.8656116888411809,
        -0.13022349778347686
      ],
      [
        -0.2609111999029857,
        -0.0005012433340986916,
        0.965362675122829
      ]
    ],
    [
      [
        0.9322739161451938,
        0.25941667557234743,
        0.2521276139384494
      ],
      [
        -0.25048272932136334,
        0.9657654659856796,
        -0.06749419990772734
      ],
      [
        -0.2610052635236021,
        -0.00023053081152227956,
        0.9653373499810936
      ]
    ],
    [
      [
        0.8369228682680573,
        0.5004762074166245,
        -0.22154836578011516
      ],
      [
        -0.4834822061264108,
        0.8657495754677847,
        0.1293160041777084
      ],
      [
        0.25652498694884807,
        -0.0011128284783007147,
        0.9665369587779202
      ]
    ],
    [
      [
        0.9334783951909396,
        0.2595497949458925,
        -0.24749139309336246
      ],
      [
        -0.25061869040807205,
        0.9657292172234823,
        0.06750815520411785
      ],
      [
        0.25653139716200635,
        -0.000991435557912923,
        0.9665353895878016
      ]
    ],
    [
      [
        0.8368371364291831,
        0.5006141263209589,
        -0.22156060936210634
      ],
      [
        -0.48352643860288796,
        0.8656694213696633,
        0.12968668427221036
      ],
      [
        0.2567212306471992,
        -0.0013962211198071534,
        0.9664844852875664
      ]
    ],
    [
      [
        0.9334894643814403,
        0.2594890954219426,
        -0.24751329104909495
      ],
      [
        -0.25048416467429463,
        0.9657451998554336,
        0.06777825760234522
      ],
      [
        0.25662249148559224,
        -0.0012721294317024068,
        0.9665108786508492
      ]
    ],
    [
      [
        0.8354400596371419,
        0.5006991981727441,
        0.22658380282504786
      ],
      [
        -0.48372504479154543,
        0.8656198630709078,
        -0.12927619153780964
      ],
      [
        -0.26086392582131085,
        -0.0016017510025747306,
        0.9653742520902552
      ]
    ],
    [
      [
        0.9322328171259319,
        0.2593618326937556,
        0.25233591582488907
      ],
      [
        -0.2506965776713645,
        0.9657793854008823,
        -0.06649364389593836
      ],
      [
        -0.26094673904326665,
        -0.0012721935507900572,
        0.965352361009313
      ]
    ],
    [
      [
        0.8355958759433745,
        0.5005122853443102,
        0.22642213744649667
      ],
      [
        -0.4836430552825299,
        0.865727496662185,
        -0.12886154042229192
      ],
      [
        -0.2605166543302063,
        -0.001831322593647003,
        0.9654676167920669
      ]
    ],
    [
      [
        0.9322565985684702,
        0.25929290224441487,
        0.25231889598524765
      ],
      [
        -0.2506761011855701,
        0.9657976630846785,
        -0.06630509991377241
      ],
      [
        -0.2608814418849062,
        -0.0014369501876732443,
        0.9653697780924211
      ]
    ],
    [
      [
        0.8367082843843854,
        0.5007172040948643,
        -0.221814175304376
      ],
      [
        -0.48382338030203653,
        0.8656107281997507,
        0.12896900363501396
      ],
      [
        0.25658172872527263,
        -0.0005905496755443523,
        0.9665223575972939
      ]
    ],
    [
      [
        0.9335416207754011,
        0.2593913617673272,
        -0.24741900436411282
      ],
      [
        -0.25064127612360637,
        0.9657722285464028,
        0.06680533864628578
      ],
      [
        0.2562791309942489,
        -0.0003521491252497927,
        0.9666027534658829
      ]
    ],
    [
      [
        0.8366036293257151,
        0.500963511440441,
        -0.22165271846811335
      ],
      [
        -0.4840867180566893,
        0.8654682172318134,
        0.1289372497096562
      ],
      [
        0.2564262404672054,
        -0.0005702340308020443,
        0.9665636337215493
      ]
    ],
    [
      [
        0.9334925744296529,
        0.2596239979113804,
        -0.2473600476900233
      ],
      [
        -0.2508654421104762,
        0.9657097107693307,
        0.06686766393804391
      ],
      [
        0.2562384503532098,
        -0.0003663800313953164,
        0.9666135330763057
      ]
    ],
    [
      [
        0.8352680473234808,
        0.5010046486950032,
        0.22654277985938187
      ],
      [
        -0.48377051712674973,
        0.8654442426762464,
        -0.1302779704226924
      ],
      [
        -0.2613300133534933,
        -0.000777691799676114,
        0.965249200629624
      ]
    ],
    [
      [
        0.9321742681436651,
        0.2595428272974259,
        0.2523661122442568
      ],
      [
        -0.250611030603797,
        0.9657315454192421,
        -0.06750328526720048
      ],
      [
        -0.2612379090992059,
        -0.0003209059377610665,
        0.9652743920092639
      ]
    ],
    [
      [
        0.8353173541549817,
        0.5009637970679641,
        0.22645130133158528
      ],
      [
        -0.48375178325668117,
        0.8654678738679785,
        -0.13019052000211756
      ],
      [
        -0.2612070635405976,
        -0.0007958201357203959,
        0.9652824646842031
      ]
    ],
    [
      [
        0.9321712171093304,
        0.259564376196495,
        0.25235521909133185
      ],
      [
        -0.2506207586923227,
        0.9657257672986618,
        -0.06754981634242688
      ],
      [
        -0.26123946352990823,
        -0.00027746195320509787,
        0.9652739847885005
      ]
    ],
    [
      [
        0.8367884942945705,
        0.5006681982930324,
        -0.22162213570452402
      ],
      [
        -0.48354021063280545,
        0.8656379937965051,
        0.12984501683601118
      ],
      [
        0.2568538115687751,
        -0.0014896019504012092,
        0.9664491194929102
      ]
    ],
    [
      [
        0.9334702348055717,
        0.2596166693469695,
        -0.2474520271269109
      ],
      [
        -0.2506264323272389,
        0.9657109860444509,
        0.06773981733053562
      ],
      [
        0.25655352687295313,
        -0.0012150844582607956,
        0.9665292605083451
      ]
    ],
    [
      [
        0.8366644442306908,
        0.5008299138891575,
        -0.22172506649887191
      ],
      [
        -0.4836055968360861,
        0.8655439947782855,
        0.13022756932409144
      ],
      [
        0.2571346621304935,
        -0.0017292937943468867,
        0.9663740347681173
      ]
    ],
    [
      [
        0.9333998942634552,
        0.2597706900793391,
        -0.24755570275126973
      ],
      [
        -0.25063603064578505,
        0.96566882127113,
        0.06830305825474997
      ],
      [
        0.25679995625213053,
        -0.0017076886515481476,
        0.9664630703075899
      ]
    ],
    [
      [
        0.8354192809737176,
        0.5007801530259219,
        0.22648148558478437
      ],
      [
        -0.48389561079499477,
        0.8655725100482434,
        -0.12895451795932755
      ],
      [
        -0.2606140111941329,
        -0.001862306128913263,
        0.9654412819976089
      ]
    ],
    [
      [
        0.9322428087168834,
        0.25934168898541043,
        0.2523197058294325
      ],
      [
        -0.25072150221117606,
        0.965784571396954,
        -0.06632412819308871
      ],
      [
        -0.2608870903755644,
        -0.001431784130613692,
        0.9653682593029334
      ]
    ],
    [
      [
        0.8354925610041187,
        0.5007512826452633,
        0.22627490677470763
      ],
      [
        -0.4839210499895687,
        0.8655890611342161,
        -0.12874779462880018
      ],
      [
        -0.26033170741147205,
        -0.0019313658146596913,
        0.965517307945496
      ]
    ],
    [
      [
        0.9322346463404978,
        0.25947703638391845,
        0.25221068921008505
      ],
      [
        -0.25092120102017496,
        0.9657478490025384,
        -0.06610327545261016
      ],
      [
        -0.2607242126098004,
        -0.0016612454332080584,
        0.9654118940755861
      ]
    ],
    [
      [
        0.8368175635764673,
        0.5005681046517774,
        -0.22173844478410268
      ],
      [
        -0.4836854395420732,
        0.8656969374125117,
        0.12890775046361402
      ],
      [
        0.25648540088070654,
        -0.0006206125403102752,
        0.966547905680385
      ]
    ],
    [
      [
        0.9334942043175014,
        0.25953915380451476,
        -0.247442918969348
      ],
      [
        -0.2507728955789127,
        0.965732509132639,
        0.06688554139232895
      ],
      [
        0.25632308781809465,
        -0.0003852879619357652,
        0.966591085311976
      ]
    ],
    [
      [
        0.8365768115118725,
        0.501053408996945,
        -0.22155071602946722
      ],
      [
        -0.484167695930704,
        0.8654161290482015,
        0.12898281203470569
      ],
      [
        0.2563608407260803,
        -0.0006363299200444067,
        0.966580940442367
      ]
    ],
    [
      [
        0.9334911678730803,
        0.25947976683379087,
        -0.24751664612068833
      ],
      [
        -0.250704601216099,
        0.9657484582081381,
        0.06691127257555926
      ],
      [
        0.25640094077836245,
        -0.00040751992039936985,
        0.9665704275920535
      ]
    ],
    [
      [
        0.8352577777461156,
        0.5010322672926454,
        0.22651956172969173
      ],
      [
        -0.483842770392876,
        0.8654281153204126,
        -0.13011668129607845
      ],
      [
        -0.2612290532333017,
        -0.0009188822284120629,
        0.9652764046646345
      ]
    ],
    [
      [
        0.9321702766324399,
        0.2596418313298465,
        0.25227900187428165
      ],
      [
        -0.2507553832830511,
        0.9657048664910949,
        -0.06734870889621034
      ],
      [
        -0.26111360193902267,
        -0.0004798532066330047,
        0.9653079594737265
      ]
    ],
    [
      [
        0.8352326354532049,
        0.501112083413362,
        0.2264356962384989
      ],
      [
        -0.48394115492350165,
        0.865381865150422,
        -0.13005839473130712
      ],
      [
        -0.2611271782967093,
        -0.000952536559323508,
        0.9653039362961813
      ]
    ],
    [
      [
        0.9321311538018823,
        0.2596153668516726,
        0.252450734612604
      ],
      [
        -0.2507094538968489,
        0.9657119958307351,
        -0.06741743717587062
      ],
      [
        -0.2612973054562862,
        -0.0004498923094740717,
        0.9652582637606344
      ]
    ],
    [
      [
        0.8367070188892419,
        0.5008303298080292,
        -0.2215634114330671
      ],
      [
        -0.48367767035015974,
        0.8655440531192019,
        0.1299592371269801
      ],
      [
        0.2568604207465995,
        -0.001572531196855756,
        0.9664472315649287
      ]
    ],
    [
      [
        0.9334345305935178,
        0.2597801033274301,
        -0.24741518751048702
      ],
      [
        -0.25074596065464844,
        0.9656668317389534,
        0.06792667586913027
      ],
      [
        0.2565666391233225,
        -0.0013667459318126018,
        0.9665255773617796
      ]
    ],
    [
      [
        0.8365785190008365,
        0.5010206998028556,
        -0.22161823010624312
      ],
      [
        -0.48376659666739674,
        0.8654333245555365,
        0.13036502866027982
      ],
      [
        0.25711137955215263,
        -0.0018490856681692702,
        0.9663800077541859
      ]
    ],
    [
      [
        0.9333548344316753,
        0.2598538054510404,
        -0.24763835089830658
      ],
      [
        -0.25068592993871475,
        0.9656462954564691,
        0.06843826854881305
      ],
      [
        0.25691500067878825,
        -0.0017977385267361756,
        0.9664323310829412
      ]
    ],
    [
      [
        0.8353361143943091,
        0.5009326762058696,
        0.22645094368945198
      ],
      [
        -0.4841029828939058,
        0.86548380571782,
        -0.12877144090760856
      ],
      [
        -0.260495447065473,
        -0.002058142226485468,
        0.9654728821198113
      ]
    ],
    [
      [
        0.9322434939017494,
        0.25947563107408517,
        0.2521794300821616
      ],
      [
        -0.2509213269715361,
        0.9657482312960936,
        -0.06609721188757042
      ],
      [
        -0.26069245433786936,
        -0.0016585014839087878,
        0.9654204750387914
      ]
    ],
    [
      [
        0.8355164948056966,
        0.5007668932254313,
        0.22615195236157523
      ],
      [
        -0.48396381164226054,
        0.8655799619320466,
        -0.12864819673206357
      ],
      [
        -0.2601753561125598,
        -0.001961670478599478,
        0.9655593901571443
      ]
    ],
    [
      [
        0.932235735912854,
        0.2595711609528025,
        0.2521097877684126
      ],
      [
        -0.25105099669293895,
        0.9657223418150839,
        -0.06598299461734458
      ],
      [
        -0.26059533715418176,
        -0.0017807079504711873,
        0.9654464766794136
      ]
    ]
  ]
}