{
  "rotations": [
    [
      [
        0.7684011254895587,
        -0.05823979298653881,
        -0.6373129818693993
      ],
      [
        -0.3560034160199653,
        -0.8664444878192827,
        -0.35005073533660275
      ],
      [
        -0.5318094377956221,
        0.4958649776304694,
        -0.6865104848660641
      ]
    ],
    [
      [
        0.7684011254895587,
        -0.05823979298653881,
        -0.6373129818693993
      ],
      [
        -0.3560034160199653,
        -0.8664444878192827,
        -0.35005073533660275
      ],
      [
        -0.5318094377956221,
        0.4958649776304694,
        -0.6865104848660641
      ]
    ],
    [
      [
        0.7684011254895587,
        -0.05823979298653881,
        -0.6373129818693993
      ],
      [
        -0.3560034160199653,
        -0.8664444878192827,
        -0.35005073533660275
      ],
      [
        -0.5318094377956221,
        0.4958649776304694,
        -0.6865104848660641
      ]
    ],
    [
      [
        0.7721229496228232,
        -0.06691600349208646,
        -0.6319401863644996
      ],
      [
        -0.3572448212243181,
        -0.8681304068777932,
        -0.34456600871618515
      ],
      [
        -0.5255495108685349,
        0.49180468189195226,
        -0.6942088061203195
      ]
    ],
    [
      [
        0.7721229496228232,
        -0.06691600349208646,
        -0.6319401863644996
      ],
      [
        -0.3572448212243181,
        -0.8681304068777932,
        -0.34456600871618515
      ],
      [
        -0.5255495108685349,
        0.49180468189195226,
        -0.6942088061203195
      ]
    ],
    [
      [
        0.7779692141632989,
        -0.04718854580604373,
        -0.6265278469141251
      ],
      [
        -0.35367212440324625,
        -0.8570797339197417,
        -0.3746069381687417
      ],
      [
        -0.5193071636654296,
        0.5130180999231662,
        -0.6834709203155543
      ]
    ],
    [
      [
        0.7725518322527444,
        -0.06505092532438456,
        -0.6316106740685831
      ],
      [
        -0.3589181545614085,
        -0.8653063893448851,
        -0.34988942665526646
      ],
      [
        -0.5237761208848312,
        0.49700425518637115,
        -0.6918419946183373
      ]
    ],
    [
      [
        0.7852842411169493,
        -0.043806050335413876,
        -0.6175837518971715
      ],
      [
        -0.35217353363605486,
        -0.8520085461453679,
        -0.38736964194623075
      ],
      [
        -0.5092175005434029,
        0.5216919275293299,
        -0.6844962161261826
      ]
    ],
    [
      [
        0.7766941040182894,
        -0.0546964094584482,
        -0.6274986626085993
      ],
      [
        -0.3505249711955277,
        -0.865244538764961,
        -0.3584468338621287
      ],
      [
        -0.5233340361104001,
        0.49835749310085,
        -0.6912027891426906
      ]
    ],
    [
      [
        0.7725518322527444,
        -0.06505092532438456,
        -0.6316106740685831
      ],
      [
        -0.3589181545614085,
        -0.8653063893448851,
        -0.34988942665526646
      ],
      [
        -0.5237761208848312,
        0.49700425518637115,
        -0.6918419946183373
      ]
    ],
    [
      [
        0.7696647991172544,
        -0.06936692429039543,
        -0.6346686748330082
      ],
      [
        -0.35534238110428445,
        -0.8724236806970787,
        -0.3355722180844224
      ],
      [
        -0.5304223686751282,
        0.4838028019487405,
        -0.6961228049960827
      ]
    ],
    [
      [
        0.7782704831512046,
        -0.06330033177979696,
        -0.6247304403117868
      ],
      [
        -0.3535222794950038,
        -0.866419297827823,
        -0.35261820465228194
      ],
      [
        -0.5189576600805192,
        0.49528846983158187,
        -0.6966866431155707
      ]
    ],
    [
      [
        0.7782704831512046,
        -0.06330033177979696,
        -0.6247304403117868
      ],
      [
        -0.3535222794950038,
        -0.866419297827823,
        -0.35261820465228194
      ],
      [
        -0.5189576600805192,
        0.49528846983158187,
        -0.6966866431155707
      ]
    ],
    [
      [
        0.7782704831512046,
        -0.06330033177979696,
        -0.6247304403117868
      ],
      [
        -0.3535222794950038,
        -0.866419297827823,
        -0.35261820465228194
      ],
      [
        -0.5189576600805192,
        0.49528846983158187,
        -0.6966866431155707
      ]
    ],
    [
      [
        0.7782704831512046,
        -0.06330033177979696,
        -0.6247304403117868
      ],
      [
        -0.3535222794950038,
        -0.866419297827823,
        -0.35261820465228194
      ],
      [
        -0.5189576600805192,
        0.49528846983158187,
        -0.6966866431155707
      ]
    ],
    [
      [
        0.7709264061628902,
        -0.06277409943875292,
        -0.6338232314458224
      ],
      [
        -0.3553019817818296,
        -0.8682928801086572,
        -0.3461617773448096
      ],
      [
        -0.5286142052789305,
        0.4920639051914565,
        -0.6916936714941507
      ]
    ],
    [
      [
        0.7578412339386669,
        -0.05850422392953636,
        -0.6498106800636023
      ],
      [
        -0.35943319343068175,
        -0.8686418756072214,
        -0.34098250893820137
      ],
      [
        -0.544503850861076,
        0.4919741331858527,
        -0.6793209908971516
      ]
    ]
  ]
}