{
  "rotations": [
    [
      [
        0.8731416502346715,
        0.2634739940265253,
        0.4101281666713281
      ],
      [
        0.4331567464379836,
        -0.8052825685519767,
        -0.40483974335728373
      ],
      [
        0.22360431936958328,
        0.5311322238934872,
        -0.8172512888342386
      ]
    ],
    [
      [
        0.9245298592729948,
        0.22771098853224853,
        0.30560144799120675
      ],
      [
        0.3537122445239053,
        -0.811229432329275,
        -0.46561191586618905
      ],
      [
        0.14188793953862705,
        0.5385670931503226,
        -0.8305499977659951
      ]
    ],
    [
      [
        0.8460451358332053,
        0.25051887828141883,
        0.47058253235494474
      ],
      [
        0.433824203514126,
        -0.8365609604152096,
        -0.3346077105425343
      ],
      [
        0.30984542691204464,
        0.4872433182033406,
        -0.8164494842229316
      ]
    ],
    [
      [
        0.928637946515357,
        0.2274200348224569,
        0.29310696350154203
      ],
      [
        0.3510700105873171,
        -0.7940977063255706,
        -0.4961438102754975
      ],
      [
        0.11992252481482725,
        0.5636390339302454,
        -0.8172696173676206
      ]
    ],
    [
      [
        0.8509824697201567,
        -0.24702704545730805,
        0.46347219446436727
      ],
      [
        0.04445387784559959,
        -0.8454316795103762,
        -0.532230333619527
      ],
      [
        0.5233093625891588,
        0.4735218200810788,
        -0.7084662285060811
      ]
    ],
    [
      [
        0.9232139172104263,
        -0.28415936190767943,
        0.25870740250174606
      ],
      [
        -0.0757863613657648,
        -0.7946245636034078,
        -0.6023522477330282
      ],
      [
        0.3767392871733949,
        0.5364934854761184,
        -0.7551438601629282
      ]
    ],
    [
      [
        0.9325039960216417,
        -0.28945157816482964,
        0.21599555852276128
      ],
      [
        -0.09144717233551124,
        -0.7678057123187413,
        -0.6341228609682429
      ],
      [
        0.34939048652690785,
        0.5715699187576265,
        -0.7424514232566942
      ]
    ],
    [
      [
        0.8580455388531191,
        0.2063585198546196,
        0.47029141448432943
      ],
      [
        0.4020485030987264,
        -0.8396803786660476,
        -0.36509432046981527
      ],
      [
        0.31955414941811366,
        0.5023475121533433,
        -0.8034501369861184
      ]
    ],
    [
      [
        0.9308678395235128,
        0.239085176763565,
        0.276266797847231
      ],
      [
        0.34813382784736513,
        -0.8098577624869242,
        -0.47215806934544063
      ],
      [
        0.1108508152841877,
        0.535694579766874,
        -0.837104183455813
      ]
    ],
    [
      [
        0.8492970734976755,
        0.2527611916829329,
        0.4634719634749315
      ],
      [
        0.43202353738044497,
        -0.8373273818005748,
        -0.33502017675997026
      ],
      [
        0.30339766659875916,
        0.48476245282201685,
        -0.820338479066056
      ]
    ],
    [
      [
        0.9352335104140052,
        0.2475158666482381,
        0.2531287750455645
      ],
      [
        0.33940453913006097,
        -0.8302341857116364,
        -0.4421716360121338
      ],
      [
        0.10071166673532564,
        0.4994467865880284,
        -0.8604708406159299
      ]
    ],
    [
      [
        0.8507429720004794,
        -0.2557895174181632,
        0.4591384522894755
      ],
      [
        0.04500878420504223,
        -0.8349153256469619,
        -0.5485349654709456
      ],
      [
        0.5236512245151115,
        0.4873275302902666,
        -0.6987855703182584
      ]
    ],
    [
      [
        0.919589766586659,
        -0.27791174570007715,
        0.27770438021577804
      ],
      [
        -0.07823119157562111,
        -0.8222153143280456,
        -0.5637746513892686
      ],
      [
        0.38501239181843516,
        0.49671625550848303,
        -0.7778421560058821
      ]
    ],
    [
      [
        0.8571911751616242,
        -0.26622712320146724,
        0.4408473750595598
      ],
      [
        0.012832806891976023,
        -0.8447094804346074,
        -0.5350712221108223
      ],
      [
        0.5148384293079787,
        0.46431563890931615,
        -0.7206610709424555
      ]
    ],
    [
      [
        0.9231441756481455,
        -0.27855155103039264,
        0.26497898857356333
      ],
      [
        -0.08124262660264872,
        -0.8150114612199475,
        -0.5737211462921936
      ],
      [
        0.37577182782854895,
        0.5080997456195866,
        -0.7750033431616298
      ]
    ],
    [
      [
        0.8515568412830409,
        0.23400836696863098,
        0.46913860452186634
      ],
      [
        0.41236496503463577,
        -0.8515539006818895,
        -0.323745408995158
      ],
      [
        0.32373767416850513,
        0.46914394211386024,
        -0.821643401909754
      ]
    ],
    [
      [
        0.9241648086170485,
        0.23330074709090676,
        0.30247341688260565
      ],
      [
        0.35612494864170496,
        -0.8126408359068739,
        -0.4612915485585231
      ],
      [
        0.13818258742966422,
        0.5340277457430485,
        -0.8340982791660951
      ]
    ],
    [
      [
        0.8424221105935685,
        0.2598231794702732,
        0.47203485357866887
      ],
      [
        0.43776366833758595,
        -0.8408029507840236,
        -0.3184546571122783
      ],
      [
        0.3141463962338215,
        0.4749129534586701,
        -0.8220521445568193
      ]
    ],
    [
      [
        0.9318705925311492,
        0.2284266380755447,
        0.2818483098994023
      ],
      [
        0.3464052421656491,
        -0.7910833286028822,
        -0.5041731601411783
      ],
      [
        0.10779891917734331,
        0.567457873523743,
        -0.8163154750463256
      ]
    ],
    [
      [
        0.8493816794059265,
        -0.2532692386530377,
        0.4630393670539012
      ],
      [
        0.0492720291967248,
        -0.8354516160724195,
        -0.5473507690145504
      ],
      [
        0.5254741000548019,
        0.4877246046224172,
        -0.6971382074004427
      ]
    ],
    [
      [
        0.9321756643997611,
        -0.2776899509972338,
        0.23224302318050155
      ],
      [
        -0.09516527922405528,
        -0.8069564733006835,
        -0.5828934892656898
      ],
      [
        0.3492736754052224,
        0.5212576534817279,
        -0.7786516283651184
      ]
    ],
    [
      [
        0.9161255415659579,
        -0.29820435960197467,
        0.2679331110647878
      ],
      [
        -0.07873455985935326,
        -0.7891650316014254,
        -0.6091136363448737
      ],
      [
        0.3930837839115646,
        0.5369289644002242,
        -0.7464532309621742
      ]
    ],
    [
      [
        0.8524458272110649,
        0.22482935881099197,
        0.4720041007100271
      ],
      [
        0.41255032484063503,
        -0.8438406993077795,
        -0.3431254925907489
      ],
      [
        0.321151585928405,
        0.48722133944275864,
        -0.8120819079669701
      ]
    ],
    [
      [
        0.9326101038465998,
        0.24076193789540834,
        0.26883467682589335
      ],
      [
        0.34380697603184884,
        -0.8191890345643635,
        -0.45904911380084584
      ],
      [
        0.10970486513856478,
        0.520541078984506,
        -0.8467596044064547
      ]
    ],
    [
      [
        0.8643783046085762,
        0.24501336552627279,
        0.43911114451297184
      ],
      [
        0.42041830095907334,
        -0.831207972021,
        -0.3637880694407424
      ],
      [
        0.2758597446904659,
        0.4990608760083537,
        -0.8214862404794651
      ]
    ],
    [
      [
        0.9310933107994227,
        0.23333739263919046,
        0.2803906342603362
      ],
      [
        0.3471317019035424,
        -0.8029689276097832,
        -0.48450024027521904
      ],
      [
        0.11209294410496817,
        0.5484474108695738,
        -0.8286378035018325
      ]
    ],
    [
      [
        0.8507429720004794,
        -0.2557895174181632,
        0.4591384522894755
      ],
      [
        0.04500878420504223,
        -0.8349153256469619,
        -0.5485349654709456
      ],
      [
        0.5236512245151115,
        0.4873275302902666,
        -0.6987855703182584
      ]
    ],
    [
      [
        0.9273832589611705,
        -0.28164269855522217,
        0.24624719561670402
      ],
      [
        -0.08403031450819917,
        -0.7982135189445984,
        -0.5964847729973787
      ],
      [
        0.364553421657529,
        0.5324777634085892,
        -0.7639163790842387
      ]
    ],
    [
      [
        0.8394829428359402,
        -0.2722200982937071,
        0.4702814123187035
      ],
      [
        0.03918005379692274,
        -0.8328884271270918,
        -0.5520523447484209
      ],
      [
        0.5419716893639189,
        0.4818641780032249,
        -0.6885300297628973
      ]
    ],
    [
      [
        0.9163195990108468,
        -0.2921226465726956,
        0.273902814567441
      ],
      [
        -0.07469030019522371,
        -0.7966650826065338,
        -0.5997883836923421
      ],
      [
        0.3934205784212988,
        0.5291399677919717,
        -0.7518185572062995
      ]
    ],
    [
      [
        0.8605590635629956,
        0.21573904736476668,
        0.4614052032235039
      ],
      [
        0.39889856288201375,
        -0.8487533761242003,
        -0.3471277042364033
      ],
      [
        0.3167302237713416,
        0.482777764566591,
        -0.816460406504713
      ]
    ],
    [
      [
        0.8399742940897198,
        0.26392451157489094,
        0.47411711365276904
      ],
      [
        0.4330552843310663,
        -0.8525372550533927,
        -0.29264885008994235
      ],
      [
        0.3269652978244277,
        0.4511364327295918,
        -0.8304032834006629
      ]
    ],
    [
      [
        0.9236436062796701,
        0.2329430017870528,
        0.3043354177500926
      ],
      [
        0.35622587349359963,
        -0.8147213086278157,
        -0.45752848689617304
      ],
      [
        0.14137049067046564,
        0.5310054116355282,
        -0.8354924518997016
      ]
    ],
    [
      [
        0.8559613222706286,
        -0.24363235464882568,
        0.45604110620094834
      ],
      [
        0.06366415546418228,
        -0.8256478312517842,
        -0.5605823169332562
      ],
      [
        0.5131053401454211,
        0.5088702531269578,
        -0.691211961265687
      ]
    ],
    [
      [
        0.9143278575300838,
        -0.31694209777478016,
        0.2520957667287748
      ],
      [
        -0.06813522442318835,
        -0.7340158182957439,
        -0.6757058307314148
      ],
      [
        0.39920190397497973,
        0.6006400628910389,
        -0.6927260314965794
      ]
    ],
    [
      [
        0.8616778910372626,
        0.21260794242349962,
        0.4607700889988638
      ],
      [
        0.40387305698111725,
        -0.8370795942057834,
        -0.3690315796906927
      ],
      [
        0.30724219427399974,
        0.5040789777234583,
        -0.8071595990106114
      ]
    ],
    [
      [
        0.9266469417906589,
        0.22396614987339813,
        0.30193477603764957
      ],
      [
        0.3501259175096043,
        -0.8066090127006853,
        -0.4762286662078242
      ],
      [
        0.136884210769821,
        0.5470110276227639,
        -0.82585812855539
      ]
    ],
    [
      [
        0.8514032349768533,
        0.24364748541678238,
        0.46448728111868465
      ],
      [
        0.4251466455466455,
        -0.8392096253966458,
        -0.3390833738508222
      ],
      [
        0.30718538580372634,
        0.48617189089014623,
        -0.8180917010072377
      ]
    ],
    [
      [
        0.91943563118427,
        0.22413997662137725,
        0.3231089460057567
      ],
      [
        0.3607455007961958,
        -0.8078126844566743,
        -0.46615592936935096
      ],
      [
        0.1565273259341142,
        0.545160469688577,
        -0.8235892535268085
      ]
    ],
    [
      [
        0.8454532583227088,
        -0.2673444664230573,
        0.46231561109753333
      ],
      [
        0.040797661613853814,
        -0.8308176988887919,
        -0.5550472971017644
      ],
      [
        0.5324888156556495,
        0.48812794171825846,
        -0.6915105015222401
      ]
    ],
    [
      [
        0.9205162173381835,
        -0.29134578756523605,
        0.26032196543010855
      ],
      [
        -0.08375428241837148,
        -0.7979464811831152,
        -0.596880753035368
      ],
      [
        0.3816216893652481,
        0.5276353335737446,
        -0.7589241338701368
      ]
    ],
    [
      [
        0.9128128211598597,
        -0.3122778711742795,
        0.26316398822984627
      ],
      [
        -0.07485396781602718,
        -0.761436545338928,
        -0.6439031533736388
      ],
      [
        0.4014593840332739,
        0.5680641852794266,
        -0.7184242788035811
      ]
    ],
    [
      [
        0.8652404709968826,
        0.21256936092310136,
        0.4540629847783644
      ],
      [
        0.3971755717886761,
        -0.8433132492742705,
        -0.3620418881466759
      ],
      [
        0.30595831827788433,
        0.4935960194280503,
        -0.8140961104693675
      ]
    ],
    [
      [
        0.8457276822031743,
        0.24509409807064528,
        0.4739974373835624
      ],
      [
        0.4306731528130776,
        -0.8379811900174007,
        -0.3351240973476311
      ],
      [
        0.3150639982627193,
        0.48756169688354106,
        -0.8142593375152362
      ]
    ],
    [
      [
        0.9244083215534789,
        0.22059606790214883,
        0.311137638142336
      ],
      [
        0.3567214564511696,
        -0.7887554800643298,
        -0.5006142179122013
      ],
      [
        0.13497798913169895,
        0.5737614203609365,
        -0.8078234800718309
      ]
    ],
    [
      [
        0.858949223469037,
        -0.22124051069773648,
        0.4617995971502619
      ],
      [
        0.06100909157399148,
        -0.8512049825188267,
        -0.5212753288622438
      ],
      [
        0.5084133379911032,
        0.4759230128511636,
        -0.7176441761704861
      ]
    ],
    [
      [
        0.9043014465054539,
        -0.32838655037313186,
        0.27276577384667866
      ],
      [
        -0.05095442095950897,
        -0.717416551929265,
        -0.694778481246077
      ],
      [
        0.42384258968728483,
        0.6143905635277601,
        -0.6654935721817433
      ]
    ],
    [
      [
        0.854576397828265,
        0.23600847988578708,
        0.46260045146634676
      ],
      [
        0.4061022534114792,
        -0.8589136826106181,
        -0.3120068037693813
      ],
      [
        0.3236976058746597,
        0.45449673623279907,
        -0.8298509364366271
      ]
    ],
    [
      [
        0.9348821745220302,
        0.2297102137513969,
        0.2706077187724837
      ],
      [
        0.3398108740321144,
        -0.7995187919201532,
        -0.4952759546516155
      ],
      [
        0.10258601098829494,
        0.554980106909091,
        -0.8255138952705056
      ]
    ],
    [
      [
        0.85524569718171,
        0.2608250293912369,
        0.4478002919776086
      ],
      [
        0.42463660558039423,
        -0.8480296497300482,
        -0.3170638206732083
      ],
      [
        0.2970497444087974,
        0.46131986432603583,
        -0.8360295641452377
      ]
    ],
    [
      [
        0.9261604822420479,
        0.21482972952992335,
        0.3099595916297424
      ],
      [
        0.35072012131482616,
        -0.7927882052549241,
        -0.49847994755415165
      ],
      [
        0.13864399604054387,
        0.5703814941938212,
        -0.8095942152974743
      ]
    ],
    [
      [
        0.8480455790454196,
        -0.2626554635899332,
        0.4602508047878648
      ],
      [
        0.03624991496762983,
        -0.8377357626240635,
        -0.5448713019470914
      ],
      [
        0.5286819833570646,
        0.47875975130229587,
        -0.7009168716806612
      ]
    ],
    [
      [
        0.9151750842714063,
        -0.29987139599898033,
        0.26931711975002093
      ],
      [
        -0.07523839454045446,
        -0.7835424552776483,
        -0.6167660859389477
      ],
      [
        0.39597190445257513,
        0.544185966962671,
        -0.7396403749425146
      ]
    ],
    [
      [
        0.9082646401614747,
        -0.3145843661447696,
        0.27584782038225575
      ],
      [
        -0.06056572210005087,
        -0.7512095033984849,
        -0.6572792977953141
      ],
      [
        0.4139892954399269,
        0.580276622466471,
        -0.7013500585870495
      ]
    ],
    [
      [
        0.8515004890240087,
        0.2366328954150434,
        0.4679228462036959
      ],
      [
        0.41034080002354933,
        -0.8562838499928302,
        -0.3136851862576391
      ],
      [
        0.3264465423739514,
        0.4591109245584877,
        -0.8262262486287534
      ]
    ],
    [
      [
        0.9152259134770254,
        0.19937231996404114,
        0.35016025664301254
      ],
      [
        0.36261044013017774,
        -0.7864771552366157,
        -0.49996735193362285
      ],
      [
        0.17571339166023514,
        0.5845548411595581,
        -0.7920987575221795
      ]
    ],
    [
      [
        0.8513439879206444,
        0.24181643291486213,
        0.4655515299123233
      ],
      [
        0.43009347491677985,
        -0.8298615976458172,
        -0.3554565115267139
      ],
      [
        0.30038811072574456,
        0.5028464393083276,
        -0.8105013518863211
      ]
    ],
    [
      [
        0.9092487248488532,
        0.22734961220913727,
        0.3486816745816861
      ],
      [
        0.370106920356157,
        -0.824907088550468,
        -0.4272577240538448
      ],
      [
        0.1904931071330802,
        0.5175330415418373,
        -0.8341893832021837
      ]
    ],
    [
      [
        0.8545442912564329,
        -0.24671812964649298,
        0.4570385309629552
      ],
      [
        0.03614434682634986,
        -0.8495891891341608,
        -0.5262050891989317
      ],
      [
        0.5181193303415116,
        0.4661849141811599,
        -0.7170941258414882
      ]
    ],
    [
      [
        0.9036001826116787,
        -0.31539157014361774,
        0.2898876807773727
      ],
      [
        -0.06414539729486948,
        -0.7687006327782228,
        -0.6363840862028554
      ],
      [
        0.4235470198101078,
        0.5564418160497138,
        -0.7148289497224303
      ]
    ],
    [
      [
        0.8508264386473616,
        0.21444263959440207,
        0.4796964932354965
      ],
      [
        0.41234344740431533,
        -0.8383397680077159,
        -0.3565940475659875
      ],
      [
        0.3256796780294589,
        0.5011993492619025,
        -0.8017056564712972
      ]
    ],
    [
      [
        0.9219077399107944,
        0.21923177994827808,
        0.31941124863298315
      ],
      [
        0.34979579133704425,
        -0.8254341810907018,
        -0.44305904465433693
      ],
      [
        0.16652033946477107,
        0.5201882729818431,
        -0.8376605142876826
      ]
    ],
    [
      [
        0.861154580524204,
        0.26573810815719423,
        0.43335441190233437
      ],
      [
        0.4222607793152374,
        -0.8485847418815947,
        -0.31874718837636157
      ],
      [
        0.28303466694783364,
        0.4574791729890911,
        -0.8429734180784981
      ]
    ],
    [
      [
        0.919751639022459,
        0.21897189041462106,
        0.3257425881332485
      ],
      [
        0.35806784751570675,
        -0.8080242166319536,
        -0.46785070472511453
      ],
      [
        0.1607617463545622,
        0.5469443998658043,
        -0.8215883910842865
      ]
    ],
    [
      [
        0.8513051481201547,
        -0.24890361619902382,
        0.46187285547774903
      ],
      [
        0.04147551977664929,
        -0.8456295749216702,
        -0.5321563710762579
      ],
      [
        0.5230289915897371,
        0.47218387505382287,
        -0.7095654036773342
      ]
    ],
    [
      [
        0.8946437401837255,
        -0.33105426323250076,
        0.30002608710853956
      ],
      [
        -0.07713870257296382,
        -0.7758994317935816,
        -0.6261227454004183
      ],
      [
        0.4400706746824136,
        0.537013171661537,
        -0.7196906660132407
      ]
    ],
    [
      [
        0.8772089919211655,
        -0.33601605246412847,
        0.34292506029609016
      ],
      [
        -0.036800977477904284,
        -0.7592230884776608,
        -0.6497891888752174
      ],
      [
        0.4786962215741041,
        0.5573809419139357,
        -0.6783630392657092
      ]
    ],
    [
      [
        0.8566195989722741,
        0.2314523359206842,
        0.46112111083037577
      ],
      [
        0.4084882938659076,
        -0.8502050403887925,
        -0.3320974300894417
      ],
      [
        0.3151827667102072,
        0.4728437432115926,
        -0.8228478705535724
      ]
    ],
    [
      [
        0.9248779611356964,
        0.21689036822165886,
        0.31234488178638503
      ],
      [
        0.34877370970420085,
        -0.8111217886815361,
        -0.4695086190318932
      ],
      [
        0.1515178419350257,
        0.5431758574336113,
        -0.8258343244722962
      ]
    ],
    [
      [
        0.8632159454278386,
        0.25200173725528696,
        0.4374395455139367
      ],
      [
        0.4206420118798664,
        -0.8381501311101025,
        -0.34722421511435
      ],
      [
        0.27913890699932997,
        0.4837349296261697,
        -0.8295070755929597
      ]
    ],
    [
      [
        0.9178644988591136,
        0.19456051262325527,
        0.34593491969138285
      ],
      [
        0.36137769839470124,
        -0.7700696763488267,
        -0.5257364859613239
      ],
      [
        0.16410643143111653,
        0.6075680212912701,
        -0.7771294478188012
      ]
    ],
    [
      [
        0.8500058411048196,
        -0.26010047128912916,
        0.4580805768888932
      ],
      [
        0.03940229017766145,
        -0.835767851509721,
        -0.5476673789003506
      ],
      [
        0.5252975629264272,
        0.4835698948631911,
        -0.7001590013458076
      ]
    ],
    [
      [
        0.9079270375432833,
        -0.3094687399778998,
        0.28266162363215863
      ],
      [
        -0.05969866671630468,
        -0.7630132354491004,
        -0.643620129984909
      ],
      [
        0.41485487063571114,
        0.5674855958577157,
        -0.711235217634673
      ]
    ],
    [
      [
        0.8589029951236133,
        0.2202723996243425,
        0.4623480452336959
      ],
      [
        0.40283747989026697,
        -0.8480324273178106,
        -0.34432973588280325
      ],
      [
        0.3162397978802548,
        0.48199696283399573,
        -0.8171115701392676
      ]
    ],
    [
      [
        0.9204970545142426,
        0.2211230107873011,
        0.3221642232324411
      ],
      [
        0.35543279701605035,
        -0.8163494866990263,
        -0.4552373472943356
      ],
      [
        0.16233514541204602,
        0.5335523682513231,
        -0.8300416681694085
      ]
    ],
    [
      [
        0.8526787526684386,
        0.24758149684335146,
        0.4600460272283655
      ],
      [
        0.42690825412342176,
        -0.83778469027795,
        -0.34039117981694433
      ],
      [
        0.30114496062376417,
        0.48664177292612776,
        -0.8200557892815749
      ]
    ],
    [
      [
        0.9136518402222621,
        0.2162423508666257,
        0.3442086003430891
      ],
      [
        0.36395568894578667,
        -0.8122918868766764,
        -0.4557610634952554
      ],
      [
        0.18104300964818018,
        0.5416836126430294,
        -0.8208546110314086
      ]
    ],
    [
      [
        0.8475272378078595,
        -0.2657751387776846,
        0.4594139275005521
      ],
      [
        0.043331319774105814,
        -0.8280525022486934,
        -0.5589735684684132
      ],
      [
        0.5289801299674821,
        0.4936523362928409,
        -0.6902806624643383
      ]
    ],
    [
      [
        0.9107759985049303,
        -0.29904486897819277,
        0.28470905655627243
      ],
      [
        -0.06762779406001208,
        -0.7882614019336516,
        -0.6116129852220037
      ],
      [
        0.40732488509533005,
        0.5377881818703437,
        -0.7381533102429781
      ]
    ],
    [
      [
        0.8950046162512683,
        -0.32676964042823825,
        0.30362532665000075
      ],
      [
        -0.04866183354333803,
        -0.748152610374699,
        -0.6617399017330934
      ],
      [
        0.4433945904554094,
        0.5774853017037953,
        -0.6855012497953276
      ]
    ]
  ]
}