{
  "rotations": [
    [
      [
        -0.9622871630422745,
        0.12318135430993424,
        0.24254848957357403
      ],
      [
        -0.2576267991508776,
        -0.6989833183353866,
        -0.6671212431396001
      ],
      [
        0.08736044988050981,
        -0.704449199473761,
        0.7043574924407725
      ]
    ],
    [
      [
        -0.9961909721451189,
        -0.06186151075812607,
        0.06145486557861239
      ],
      [
        0.0002628775356716753,
        -0.7068986003714427,
        -0.7073148518787773
      ],
      [
        0.08719792378241757,
        -0.7046045148021816,
        0.7042222659135525
      ]
    ],
    [
      [
        -0.9622490966687293,
        -0.2425641255129138,
        -0.12344764466918884
      ],
      [
        0.2578178336983769,
        -0.6670102052161143,
        -0.6990188486476123
      ],
      [
        0.08721605693501028,
        -0.7044572599893573,
        0.7043673248107102
      ]
    ],
    [
      [
        -0.9622454012816425,
        0.12330704904019571,
        0.24265028203018735
      ],
      [
        -0.2577925192672502,
        -0.6989186073771857,
        -0.6671250237187778
      ],
      [
        0.08733157918058682,
        -0.7044914136587714,
        0.7043188506343493
      ]
    ],
    [
      [
        -0.9961874777071208,
        -0.06179407416086334,
        0.06157923073672554
      ],
      [
        0.00014681311494471952,
        -0.7070608638180652,
        -0.7071526803334348
      ],
      [
        0.08723810924953866,
        -0.7044476043365139,
        0.7043742506928489
      ]
    ],
    [
      [
        -0.9622725734443516,
        -0.24244332963317736,
        -0.12350192837831864
      ],
      [
        0.25777814016892037,
        -0.6670798395937363,
        -0.6989670364606956
      ],
      [
        0.08707424905123959,
        -0.7044329063324436,
        0.7044092245479109
      ]
    ],
    [
      [
        -0.9622560801190184,
        0.12334856316257495,
        0.24258682618746996
      ],
      [
        -0.25776274940389954,
        -0.699036047159599,
        -0.6670134704720929
      ],
      [
        0.08730178287826641,
        -0.7043676147703068,
        0.7044463513774949
      ]
    ],
    [
      [
        -0.9961951365468056,
        -0.06181463172575042,
        0.06143452795538815
      ],
      [
        0.0002678223445471972,
        -0.7070907666786015,
        -0.7071227446130265
      ],
      [
        0.08715031951566948,
        -0.7044157855858127,
        0.7044169382019708
      ]
    ],
    [
      [
        -0.9621843708214077,
        -0.2427616633801657,
        -0.12356379461600894
      ],
      [
        0.2580667377938992,
        -0.667180085888319,
        -0.6987648330006818
      ],
      [
        0.08719401006621375,
        -0.7042283065788758,
        0.7045989616949649
      ]
    ],
    [
      [
        -0.965914198066518,
        0.18310066399592856,
        0.18298608913730613
      ],
      [
        -0.2588624318961731,
        -0.6830606971112467,
        -0.6829482596908037
      ],
      [
        -5.76742164609817e-05,
        -0.7070376446174195,
        0.7071759086447564
      ]
    ],
    [
      [
        -0.999999998491488,
        2.7740520771618634e-05,
        -4.740767555299846e-05
      ],
      [
        1.3898154447396327e-05,
        -0.7072215304038139,
        -0.7069920132081613
      ],
      [
        -5.314005548524851e-05,
        -0.7069920128005345,
        0.7072215289514195
      ]
    ],
    [
      [
        -0.9658595944978297,
        -0.1831828654033491,
        -0.18319192542005425
      ],
      [
        0.259066096508687,
        -0.6828484526770868,
        -0.6830832660197879
      ],
      [
        3.682716256259155e-05,
        -0.7072213433566092,
        0.7069921994934834
      ]
    ],
    [
      [
        -0.9659498204507758,
        0.18285306630392803,
        0.1830456241333429
      ],
      [
        -0.2587294560985675,
        -0.6829808460541719,
        -0.6830784965654144
      ],
      [
        0.00011365761384131423,
        -0.7071788458843906,
        0.707034700008117
      ]
    ],
    [
      [
        -0.9999999907718522,
        -0.00013139515818138712,
        3.451968167378228e-05
      ],
      [
        6.849883450635078e-05,
        -0.7070918782378801,
        -0.707121680503389
      ],
      [
        0.0001173209516141195,
        -0.7071216716134076,
        0.7070918807131468
      ]
    ],
    [
      [
        -0.9659152724600757,
        -0.18301948350147812,
        -0.18306161554850847
      ],
      [
        0.25885842930582526,
        -0.6829331497664304,
        -0.6830773210460318
      ],
      [
        -2.387218456148532e-06,
        -0.7071818589365501,
        0.7070316954602152
      ]
    ],
    [
      [
        -0.9659450608328155,
        0.18283042363986968,
        0.1830933522669626
      ],
      [
        -0.25874719489970543,
        -0.6829975676227811,
        -0.6830550576292505
      ],
      [
        0.00016906869052500662,
        -0.7071685504977088,
        0.7070449862651934
      ]
    ],
    [
      [
        -0.9999999617922991,
        -0.0002566502802353547,
        -0.00010269388792364862
      ],
      [
        0.0002540893891677428,
        -0.7070722664484147,
        -0.7071412485904671
      ],
      [
        0.00010887599953214827,
        -0.7071412476656529,
        0.7070723046449218
      ]
    ],
    [
      [
        -0.9658741148272311,
        -0.18326530741276376,
        -0.183032842423479
      ],
      [
        0.25901192616776614,
        -0.6830598618550049,
        -0.6828924126284355
      ],
      [
        0.000128099869483686,
        -0.7069957936377889,
        0.7072177397159213
      ]
    ],
    [
      [
        -0.9622665951735216,
        0.24254260673011294,
        0.12335349096689308
      ],
      [
        -0.25775233987088125,
        -0.6671598495734148,
        -0.698900183436994
      ],
      [
        -0.08721657585713469,
        -0.7043229508100243,
        0.7045015612885583
      ]
    ],
    [
      [
        -0.9961950468009395,
        0.061550914584268215,
        -0.06170019159706233
      ],
      [
        0.00010501164323594575,
        -0.7071144259289446,
        -0.7070991285638345
      ],
      [
        -0.08715169362570568,
        -0.7044151287110602,
        0.7044174250692212
      ]
    ],
    [
      [
        -0.9622031240981003,
        -0.12377273382531502,
        -0.24258082846190404
      ],
      [
        0.258068871655308,
        -0.6989048980748916,
        -0.6670325336364649
      ],
      [
        -0.08698048895247813,
        -0.704423348426451,
        0.7044303661351168
      ]
    ],
    [
      [
        -0.9622870643258736,
        0.24240534995165014,
        0.12346356606671466
      ],
      [
        -0.2577366400939837,
        -0.6671927226287233,
        -0.6988745919149842
      ],
      [
        -0.08703694723596583,
        -0.7043390640778698,
        0.7045076668353256
      ]
    ],
    [
      [
        -0.9961977421914141,
        0.06150691283449651,
        -0.061700552074501334
      ],
      [
        0.00013349511214538062,
        -0.7071387210031661,
        -0.7070748273252707
      ],
      [
        -0.08712083925091423,
        -0.7043945832639373,
        0.7044417864072519
      ]
    ],
    [
      [
        -0.9622428775304241,
        -0.12360397318931557,
        -0.24250918014331777
      ],
      [
        0.25789930565871655,
        -0.698928416502619,
        -0.6670734717749562
      ],
      [
        -0.08704362574434213,
        -0.7044296461797703,
        0.7044162695454461
      ]
    ],
    [
      [
        -0.9623089587000485,
        0.24230274910801516,
        0.12349431476924963
      ],
      [
        -0.2576632980820877,
        -0.6670214811019494,
        -0.6990650674794321
      ],
      [
        -0.08701202691059129,
        -0.7045365295875439,
        0.7043132723793089
      ]
    ],
    [
      [
        -0.9962036559124668,
        0.06134052142272243,
        -0.06177067571448408
      ],
      [
        0.00030034424618530925,
        -0.7071470447755134,
        -0.7070664515154088
      ],
      [
        -0.08705277560175326,
        -0.7044007364397391,
        0.7044440480003958
      ]
    ],
    [
      [
        -0.9622405483734389,
        -0.12365720115687091,
        -0.2424912857568972
      ],
      [
        0.2579190030972169,
        -0.6989672564984182,
        -0.6670251585843014
      ],
      [
        -0.08701100451851967,
        -0.7043817650572195,
        0.7044681782362879
      ]
    ],
    [
      [
        -0.9622850872741665,
        0.12322404669258223,
        0.24253503896644363
      ],
      [
        -0.2576571043036382,
        -0.6989023363787173,
        -0.6671943800769266
      ],
      [
        0.08729391394372303,
        -0.7045220780934226,
        0.7042928468096998
      ]
    ],
    [
      [
        -0.9961951046803943,
        -0.06198041379983589,
        0.06126778693587358
      ],
      [
        0.0004998000327584816,
        -0.7070579693603976,
        -0.7071554130202771
      ],
      [
        0.08714966213787488,
        -0.7044341390571247,
        0.7043986656149357
      ]
    ],
    [
      [
        -0.9621415172113191,
        -0.2428405454043572,
        -0.12374235477804599
      ],
      [
        0.2582248664139041,
        -0.6669468613105062,
        -0.6989290397126068
      ],
      [
        0.08719873407236414,
        -0.7044219997244404,
        0.7044047324375372
      ]
    ],
    [
      [
        -0.9622587924684322,
        0.12352313488548448,
        0.2424872191791917
      ],
      [
        -0.257811122541454,
        -0.699065235359876,
        -0.6669641833000904
      ],
      [
        0.0871288781696994,
        -0.7043080518205821,
        0.7045273072987207
      ]
    ],
    [
      [
        -0.9961969109818134,
        -0.061933693678844416,
        0.06128566013015169
      ],
      [
        0.000442208775747098,
        -0.7069630362088011,
        -0.7072503587032194
      ],
      [
        0.0871293234318507,
        -0.7045335215741896,
        0.7043017804723907
      ]
    ],
    [
      [
        -0.9621319679472788,
        -0.24282449985235102,
        -0.12384804611035323
      ],
      [
        0.25830499426873,
        -0.6670682364385734,
        -0.6987835844312337
      ],
      [
        0.08706667668935096,
        -0.7043125940988045,
        0.704530456122434
      ]
    ],
    [
      [
        -0.9622922026224924,
        0.12335761450237309,
        0.24243889068430452
      ],
      [
        -0.2576884078226855,
        -0.6988587944183794,
        -0.6672278995499955
      ],
      [
        0.08712290884584584,
        -0.7045418968438807,
        0.704294195876883
      ]
    ],
    [
      [
        -0.9962051798085195,
        -0.06183380167145349,
        0.061252107666029676
      ],
      [
        0.00042185770435988756,
        -0.7071793231196418,
        -0.7070341059582083
      ],
      [
        0.08703483072168755,
        -0.7043251989833254,
        0.7045217898108947
      ]
    ],
    [
      [
        -0.9621507690947765,
        -0.24276747817846508,
        -0.12381376768840757
      ],
      [
        0.2582262560455122,
        -0.6669677982392413,
        -0.6989085468075321
      ],
      [
        0.0870924693589982,
        -0.7044273615148459,
        0.7044125170169712
      ]
    ],
    [
      [
        -0.9659545838242989,
        0.1829005735015619,
        0.18297300948944734
      ],
      [
        -0.258711694964178,
        -0.682978775350962,
        -0.6830872940619394
      ],
      [
        2.9624107823880697e-05,
        -0.7071685602689787,
        0.7070449960854771
      ]
    ],
    [
      [
        -0.9999999420245211,
        -0.00024128077227571695,
        -0.000240280136096211
      ],
      [
        0.0003405150812558662,
        -0.7072075194534284,
        -0.707005946564814
      ],
      [
        6.590217681490458e-07,
        -0.7070059873948156,
        0.7072075606124753
      ]
    ],
    [
      [
        -0.9658366032087364,
        -0.18325704198516954,
        -0.1832389490939522
      ],
      [
        0.2591518008846814,
        -0.682985128987333,
        -0.6829140924599396
      ],
      [
        -6.607682411507998e-07,
        -0.707070130994799,
        0.7071434294784626
      ]
    ],
    [
      [
        -0.9659326295771903,
        0.18306128637752,
        0.18292818412672862
      ],
      [
        -0.2587936510852192,
        -0.6831682901900563,
        -0.6828667025392121
      ],
      [
        -3.5722213774486145e-05,
        -0.7069438822909515,
        0.7072696416610293
      ]
    ],
    [
      [
        -0.9999999438135815,
        -0.00020956865034793613,
        -0.00026163679905751133
      ],
      [
        0.00033319193362279294,
        -0.7071189404619952,
        -0.7070945431998754
      ],
      [
        -3.682348704862705e-05,
        -0.7070945906460364,
        0.7071189705580984
      ]
    ],
    [
      [
        -0.965801223909759,
        -0.18329465074421236,
        -0.18338775014424702
      ],
      [
        0.2592835914790379,
        -0.6830861314139974,
        -0.6827630308237188
      ],
      [
        -0.00012281751885702408,
        -0.7069628053005449,
        0.7072507170992766
      ]
    ],
    [
      [
        -0.9659339891203144,
        0.18299741735859576,
        0.18298490074921608
      ],
      [
        -0.25878857869833427,
        -0.6830034422377492,
        -0.6830335053470523
      ],
      [
        -1.405035865169324e-05,
        -0.7071196809108552,
        0.7070938810873122
      ]
    ],
    [
      [
        -0.9999999424928426,
        -0.00015634047119117571,
        -0.000300951771282525
      ],
      [
        0.0003233242159415069,
        -0.7073156684565477,
        -0.706897758248899
      ],
      [
        -0.0001023511746692625,
        -0.7068978149022137,
        0.7073156783294944
      ]
    ],
    [
      [
        -0.9658058921887506,
        -0.18327521249548273,
        -0.18338259213520747
      ],
      [
        0.2592662165509154,
        -0.6829651710905654,
        -0.6828906237697288
      ],
      [
        -8.699923008358146e-05,
        -0.7070846990014499,
        0.7071288573302349
      ]
    ],
    [
      [
        -0.9622533900190976,
        0.2425167042370867,
        0.12350733404432275
      ],
      [
        -0.2578472125540927,
        -0.6671756615091172,
        -0.698850092414644
      ],
      [
        -0.08708173387593439,
        -0.7043168923544666,
        0.70452429821072
      ]
    ],
    [
      [
        -0.996187422623501,
        0.06143041022635251,
        -0.06194290682692039
      ],
      [
        0.0003435423601151899,
        -0.7072701044722802,
        -0.7069433366956768
      ],
      [
        -0.08723818536279455,
        -0.7042693405361278,
        0.704552478524783
      ]
    ],
    [
      [
        -0.9621450427149059,
        -0.12377613038027845,
        -0.24280936210784138
      ],
      [
        0.2582206178308977,
        -0.6989779011443242,
        -0.6668972981193619
      ],
      [
        -0.0871724113820536,
        -0.7043503128841215,
        0.7044796714127941
      ]
    ],
    [
      [
        -0.9622512027393897,
        0.24250251646587745,
        0.12355222512894964
      ],
      [
        -0.25784062743242936,
        -0.6669420383309141,
        -0.6990754811551159
      ],
      [
        -0.087125390511888,
        -0.704543005795049,
        0.7042927795408873
      ]
    ],
    [
      [
        -0.9961918690864588,
        0.061394154682590865,
        -0.06190733185041634
      ],
      [
        0.0003449752436533067,
        -0.7072625148159266,
        -0.7069509290808892
      ],
      [
        -0.087187389903063,
        -0.7042801238903887,
        0.7045479871057967
      ]
    ],
    [
      [
        -0.9621727642651523,
        -0.12368800864599276,
        -0.2427444092529112
      ],
      [
        0.25812010236129423,
        -0.6989326702939085,
        -0.6669836093584474
      ],
      [
        -0.08716412371699149,
        -0.704410674899959,
        0.7044203408644825
      ]
    ],
    [
      [
        -0.9622608078091089,
        0.24252333716468716,
        0.12343649656833683
      ],
      [
        -0.2577886812770101,
        -0.6670794668711243,
        -0.6989635045439764
      ],
      [
        -0.08717300935508462,
        -0.704405718183378,
        0.704424197930862
      ]
    ],
    [
      [
        -0.996184995512018,
        0.06141912624140495,
        -0.06199310968537932
      ],
      [
        0.0003904736733601963,
        -0.7072435200307975,
        -0.7069699080616925
      ],
      [
        -0.0872656991436585,
        -0.7042970213668307,
        0.7045214002759455
      ]
    ],
    [
      [
        -0.962146051491691,
        -0.12370063906882904,
        -0.24284383354928324
      ],
      [
        0.25818725383310775,
        -0.6990176429860974,
        -0.6668685603267555
      ],
      [
        -0.08726005705399849,
        -0.7043241346767299,
        0.7044949934206833
      ]
    ],
    [
      [
        -0.9623252981089145,
        0.1437862929492696,
        0.23077158096155612
      ],
      [
        -0.25748607725140793,
        -0.7545953477567142,
        -0.6035617459428704
      ],
      [
        0.08735525537293795,
        -0.6402432062145063,
        0.763189161515609
      ]
    ],
    [
      [
        -0.9961885872393008,
        -0.056331831807540755,
        0.06659597119475992
      ],
      [
        0.0003530442337349206,
        -0.7660891773709904,
        -0.6427341967522878
      ],
      [
        0.08722484745722046,
        -0.6402609601094279,
        0.7631891829329203
      ]
    ],
    [
      [
        -0.9621534105712813,
        -0.25266858082624055,
        -0.1020754759445429
      ],
      [
        0.25819309494135034,
        -0.725432588558434,
        -0.6380312572139524
      ],
      [
        0.08716157554024749,
        -0.6402391332312196,
        0.7632147220990162
      ]
    ],
    [
      [
        -0.9622536252264913,
        0.14419383171110167,
        0.23081615982193718
      ],
      [
        -0.2578414183033763,
        -0.7544287017260753,
        -0.6036183703460425
      ],
      [
        0.08709629008045564,
        -0.6403479311346132,
        0.7631308952898199
      ]
    ],
    [
      [
        -0.9961917877555491,
        -0.05624702894957606,
        0.06661976990915419
      ],
      [
        0.0002768682424396686,
        -0.7661214685908446,
        -0.6426957434962393
      ],
      [
        0.08718856205018766,
        -0.6402297767977938,
        0.7632194884494679
      ]
    ],
    [
      [
        -0.9622005857399476,
        -0.2525350184285232,
        -0.10196125376341579
      ],
      [
        0.25800747810238533,
        -0.7254010572799916,
        -0.6381421842664203
      ],
      [
        0.08719044698216318,
        -0.6403275494341754,
        0.7631372454484677
      ]
    ],
    [
      [
        -0.9622681616371885,
        0.144031894749904,
        0.2308566620094351
      ],
      [
        -0.2577277645005748,
        -0.7545608417364366,
        -0.603501727854641
      ],
      [
        0.08727189985855853,
        -0.6402286696273086,
        0.763210892271805
      ]
    ],
    [
      [
        -0.996189462182763,
        -0.05617407878007555,
        0.06671602737893975
      ],
      [
        0.0001526576050325662,
        -0.7660773832575999,
        -0.6427483329864373
      ],
      [
        0.08721543516874292,
        -0.6402889314476695,
        0.7631667918180982
      ]
    ],
    [
      [
        -0.9622168387914906,
        -0.2524585743673839,
        -0.1019971733652417
      ],
      [
        0.25797627557442,
        -0.7254407171393112,
        -0.6381097140438728
      ],
      [
        0.08710336610523153,
        -0.6403127627533206,
        0.7631595963285452
      ]
    ],
    [
      [
        -0.9659238079972053,
        0.1983077682744373,
        0.16632866916497013
      ],
      [
        -0.2588265753261442,
        -0.7401519962003557,
        -0.6206317961767416
      ],
      [
        3.239008783612052e-05,
        -0.642533307745708,
        0.7662577551896238
      ]
    ],
    [
      [
        -0.9999999719883583,
        -0.0001713679576205671,
        -0.00016326759050567683
      ],
      [
        0.00023621904141095452,
        -0.7661655075697091,
        -0.6426432596791278
      ],
      [
        -1.4961533459629424e-05,
        -0.6426432802445488,
        0.7661655265885299
      ]
    ],
    [
      [
        -0.9658585745187891,
        -0.19856573003926586,
        -0.16639971418997906
      ],
      [
        0.2590698900418034,
        -0.7400945792427451,
        -0.6205987478630878
      ],
      [
        7.811697134271767e-05,
        -0.6425197776173727,
        0.7662690971638236
      ]
    ],
    [
      [
        -0.9659380051941057,
        0.19820575660882325,
        0.1663678098934875
      ],
      [
        -0.25877356190849427,
        -0.7401447777314848,
        -0.620662510269471
      ],
      [
        0.00011738322859719541,
        -0.6425730978215121,
        0.7662243797852185
      ]
    ],
    [
      [
        -0.9999999772395003,
        -0.00018154140698840144,
        -0.00011208798432434596
      ],
      [
        0.0002111160617581056,
        -0.766013323641793,
        -0.6428246599448889
      ],
      [
        3.083840380063438e-05,
        -0.6428246689774523,
        0.766013344533254
      ]
    ],
    [
      [
        -0.9658896552009013,
        -0.19849022139066497,
        -0.16630936831149706
      ],
      [
        0.2589539557757399,
        -0.7399874896859604,
        -0.6207748093281228
      ],
      [
        0.00015087736920436912,
        -0.6426664353461723,
        0.7661460892776677
      ]
    ],
    [
      [
        -0.9659658052040391,
        0.19810205789211982,
        0.16632990661760003
      ],
      [
        -0.2586697729763198,
        -0.7400532553163118,
        -0.6208148901597874
      ],
      [
        0.00010828153808883911,
        -0.6427104744398033,
        0.766109153006588
      ]
    ],
    [
      [
        -0.9999999988775157,
        2.950652309001806e-06,
        4.7289132141541694e-05
      ],
      [
        -3.2655210439892635e-05,
        -0.7660816756344104,
        -0.6427432342629606
      ],
      [
        3.433082578201602e-05,
        -0.6427432350857281,
        0.7660816748708501
      ]
    ],
    [
      [
        -0.9659153838309222,
        -0.1982688742657104,
        -0.16642393089988677
      ],
      [
        0.25885800480002075,
        -0.7399990894259483,
        -0.6208009995157225
      ],
      [
        -6.80420075930277e-05,
        -0.6427214024335705,
        0.7660999897037656
      ]
    ],
    [
      [
        -0.9622162276987101,
        0.25250244436537617,
        0.10189429200291117
      ],
      [
        -0.25795766247629515,
        -0.7255504204037204,
        -0.6379925013836373
      ],
      [
        -0.08716521968669741,
        -0.6401711513661755,
        0.7632713288441242
      ]
    ],
    [
      [
        -0.9962046148668277,
        0.05582814767999486,
        -0.06678011114588034
      ],
      [
        0.00013991450200295102,
        -0.7661862213651968,
        -0.6426185918677219
      ],
      [
        -0.08704220666991144,
        -0.6401889503238416,
        0.7632704384039055
      ]
    ],
    [
      [
        -0.9622518788166712,
        -0.14433577496200642,
        -0.23073470865889056
      ],
      [
        0.2578863542865983,
        -0.7545029725053467,
        -0.6035063319911093
      ],
      [
        -0.08698246942087341,
        -0.6402284346596244,
        0.7632441296641159
      ]
    ],
    [
      [
        -0.9622541397973194,
        0.25234222975566306,
        0.10193316204680905
      ],
      [
        -0.25786450359838836,
        -0.725607184222204,
        -0.6379656040799387
      ],
      [
        -0.08702222834929951,
        -0.6401699878056332,
        0.7632886206973466
      ]
    ],
    [
      [
        -0.9962010484000741,
        0.0559696072255528,
        -0.06671487265678161
      ],
      [
        4.28495473627985e-06,
        -0.7660741022513153,
        -0.6427522616385574
      ],
      [
        -0.08708312780460059,
        -0.6403107627760593,
        0.7631635839876724
      ]
    ],
    [
      [
        -0.9622564383197474,
        -0.14421881170334966,
        -0.23078882395616246
      ],
      [
        0.2578324474294024,
        -0.7545058953509405,
        -0.6035257102503924
      ],
      [
        -0.0870917674913032,
        -0.640251347699909,
        0.7632124447384827
      ]
    ],
    [
      [
        -0.9622602117834508,
        0.25233202849555236,
        0.10190109034641566
      ],
      [
        -0.25783152350003746,
        -0.7255803208169497,
        -0.6380094854567776
      ],
      [
        -0.08705280183956306,
        -0.6402044559658205,
        0.7632562245100851
      ]
    ],
    [
      [
        -0.9961946960406831,
        0.056295371911033495,
        -0.06653539420345801
      ],
      [
        -0.00035808709462512023,
        -0.7660450921513118,
        -0.6427867364565956
      ],
      [
        -0.08715503057221537,
        -0.6403169120773609,
        0.7631502163753016
      ]
    ],
    [
      [
        -0.9622787296016307,
        -0.14408219075956258,
        -0.2307812142748987
      ],
      [
        0.25772374258012976,
        -0.7545190363428066,
        -0.6035557110216203
      ],
      [
        -0.08716719031127881,
        -0.6402666211058075,
        0.7631910211939013
      ]
    ],
    [
      [
        -0.9621446569373518,
        0.1443764122720672,
        0.23115603108366378
      ],
      [
        -0.2581987078345429,
        -0.7543728220059297,
        -0.6035354775747508
      ],
      [
        0.08724154056112265,
        -0.6403726235546428,
        0.7630935831221922
      ]
    ],
    [
      [
        -0.9961986677151996,
        -0.056041858691401616,
        0.06668976320901729
      ],
      [
        7.06195717164182e-05,
        -0.7660971998041853,
        -0.6427247275973306
      ],
      [
        0.08711032921151149,
        -0.6402768077375595,
        0.7631889674373333
      ]
    ],
    [
      [
        -0.9622287090643105,
        -0.25243258455601586,
        -0.10194950567217369
      ],
      [
        0.25794642735863044,
        -0.7256046889814074,
        -0.6379353226943261
      ],
      [
        0.08706062293223894,
        -0.6401371927818014,
        0.7633117465047198
      ]
    ],
    [
      [
        -0.9621910876924373,
        0.1444347061647334,
        0.23092623588573005
      ],
      [
        -0.2580724879979076,
        -0.7545614310836135,
        -0.6033536588598922
      ],
      [
        0.08710282259384325,
        -0.6401372215206333,
        0.7633069080782835
      ]
    ],
    [
      [
        -0.9962025128491526,
        -0.05601914983296695,
        0.06665139342148761
      ],
      [
        7.336831343091738e-05,
        -0.7660637917423999,
        -0.6427645460029262
      ],
      [
        0.08706634257923614,
        -0.6403187657981365,
        0.7631587843670716
      ]
    ],
    [
      [
        -0.9622151357983546,
        -0.2524613487183849,
        -0.10200637158456266
      ],
      [
        0.25801015115589365,
        -0.7256288436564244,
        -0.6378820762134275
      ],
      [
        0.08702180382563177,
        -0.6400984679384368,
        0.7633486470819207
      ]
    ],
    [
      [
        -0.9621864090717948,
        0.14439230011237314,
        0.23097224479530734
      ],
      [
        -0.25809496794273934,
        -0.7543752402645122,
        -0.6035768255976168
      ],
      [
        0.0870878965193291,
        -0.6403661925368311,
        0.7631165295914646
      ]
    ],
    [
      [
        -0.9962092361444538,
        -0.05592757280958989,
        0.06662780515754685
      ],
      [
        3.67819215431088e-05,
        -0.7662008043526108,
        -0.6426012185302037
      ],
      [
        0.08698940434084057,
        -0.6401628183587675,
        0.7632983751609757
      ]
    ],
    [
      [
        -0.9622482413235423,
        -0.252356057977928,
        -0.10195460789778267
      ],
      [
        0.25785942765683395,
        -0.7253848822591069,
        -0.6382204071936526
      ],
      [
        0.08710245483475167,
        -0.6404164212383865,
        0.7630727159124338
      ]
    ],
    [
      [
        -0.9658368411250021,
        0.19851853248323587,
        0.16658207762655658
      ],
      [
        -0.2591509030544281,
        -0.7400527197560028,
        -0.6206148414498462
      ],
      [
        7.597204819920211e-05,
        -0.6425825738708184,
        0.7662164380811746
      ]
    ],
    [
      [
        -0.9999999959083858,
        5.465860747515192e-05,
        -7.208096004136281e-05
      ],
      [
        4.436494873408243e-06,
        -0.7662246222399476,
        -0.6425728194170423
      ],
      [
        -9.035234188910378e-05,
        -0.6425728171076691,
        0.7662246188623596
      ]
    ],
    [
      [
        -0.9658829034322063,
        -0.19835457039734225,
        -0.16651030376483306
      ],
      [
        0.258979158218946,
        -0.7400558363895691,
        -0.6206828132258387
      ],
      [
        -0.00011164934973968699,
        -0.6426296160528405,
        0.7661769796242911
      ]
    ],
    [
      [
        -0.9658163307794367,
        0.19858094690956227,
        0.16662659668926708
      ],
      [
        -0.2592273378790597,
        -0.7399868723598528,
        -0.6206614343031304
      ],
      [
        4.995880189465063e-05,
        -0.6426391182145582,
        0.766169016108413
      ]
    ],
    [
      [
        -0.9999999834199661,
        -3.488644821683462e-05,
        -0.00017872605822298875
      ],
      [
        0.00014157487810314342,
        -0.7662273389129003,
        -0.6425695643733913
      ],
      [
        -0.00011452782215336645,
        -0.6425695790226857,
        0.7662273311478695
      ]
    ],
    [
      [
        -0.9659247534085114,
        -0.1982268003298423,
        -0.16641966946157422
      ],
      [
        0.2588230098175426,
        -0.7401344288685181,
        -0.620654232880483
      ],
      [
        -0.0001426243143588385,
        -0.6425785265899145,
        0.7662198227818435
      ]
    ],
    [
      [
        -0.9658102544471772,
        0.1986539820006517,
        0.1665747515080362
      ],
      [
        -0.2592499747457048,
        -0.7399300911787432,
        -0.6207196716413687
      ],
      [
        -5.4763406277177906e-05,
        -0.6426819241300489,
        0.7661331094512674
      ]
    ],
    [
      [
        -0.9999999880462828,
        0.00011560523195553027,
        -0.00010267845521591468
      ],
      [
        -2.2582909016978797e-05,
        -0.7661478159215928,
        -0.6426643942592324
      ],
      [
        -0.00015296224057377496,
        -0.6426643842582255,
        0.7661478093739806
      ]
    ],
    [
      [
        -0.9659002877211139,
        -0.1982956757521206,
        -0.166479605832906
      ],
      [
        0.25891431611979315,
        -0.7400190519655844,
        -0.6207537189869892
      ],
      [
        -0.0001053018979042808,
        -0.6426901490656038,
        0.7661262044895363
      ]
    ],
    [
      [
        -0.9621518634806872,
        0.2526453308209694,
        0.10214758154261001
      ],
      [
        -0.2582354435793087,
        -0.7255275280324751,
        -0.6379061543412824
      ],
      [
        -0.08705312906518016,
        -0.6401407211554732,
        0.7633096421757766
      ]
    ],
    [
      [
        -0.9961905095288536,
        0.05602269009322826,
        -0.06682759100372918
      ],
      [
        2.214542632342567e-05,
        -0.7661772244436719,
        -0.6426293334834411
      ],
      [
        -0.08720360218605475,
        -0.6401827230865494,
        0.7632572389615881
      ]
    ],
    [
      [
        -0.9621969628527182,
        -0.14426020626594854,
        -0.23101081698723783
      ],
      [
        0.25798921608919057,
        -0.7546042640516729,
        -0.6033357017918949
      ],
      [
        -0.08728441475252072,
        -0.6401260794274354,
        0.7632955085536473
      ]
    ],
    [
      [
        -0.9621639866236099,
        0.25265129577153506,
        0.10201855512369322
      ],
      [
        -0.25815548254133486,
        -0.7255339126823898,
        -0.6379312567837014
      ],
      [
        -0.08715623717446884,
        -0.6401311305449429,
        0.7633059190317083
      ]
    ],
    [
      [
        -0.9961919005589629,
        0.05605523423571441,
        -0.06677954758382793
      ],
      [
        -3.123260089266805e-05,
        -0.7661578099030918,
        -0.6426524794545048
      ],
      [
        -0.08718770719112981,
        -0.6402031092077554,
        0.7632419555262124
      ]
    ],
    [
      [
        -0.9622396637194519,
        -0.14411923069358004,
        -0.23092093215940085
      ],
      [
        0.2578144404495072,
        -0.7546996216527984,
        -0.6032911364945042
      ],
      [
        -0.0873300856565678,
        -0.6400454112181522,
        0.7633579289676651
      ]
    ],
    [
      [
        -0.9621425698345244,
        0.25270101063159967,
        0.10209737772335531
      ],
      [
        -0.2582402620525255,
        -0.7254840639361219,
        -0.6379536347022188
      ],
      [
        -0.08714150771739196,
        -0.6401680031058232,
        0.763276676855937
      ]
    ],
    [
      [
        -0.9961860255405458,
        0.05607676565489152,
        -0.06684907532208098
      ],
      [
        -1.125062862004575e-05,
        -0.7662187892078677,
        -0.642579774765945
      ],
      [
        -0.0872548129970733,
        -0.6401282398227057,
        0.7632970812143396
      ]
    ],
    [
      [
        -0.9622041467037332,
        -0.1441901526097508,
        -0.23102463062738066
      ],
      [
        0.25793986582835915,
        -0.7546455563258674,
        -0.6033051549042743
      ],
      [
        -0.08735104854888102,
        -0.6400931840037036,
        0.763315472206225
      ]
    ],
    [
      [
        -0.9622479944504617,
        0.16362885585790818,
        0.21749573491610535
      ],
      [
        -0.2577696300898562,
        -0.8043995247582577,
        -0.535253418832639
      ],
      [
        0.0873705612858447,
        -0.5711103239299056,
        0.8162103790820573
      ]
    ],
    [
      [
        -0.9961955872841928,
        -0.050061276708533296,
        0.07133176326023268
      ],
      [
        0.00011252935594017327,
        -0.8192739334967469,
        -0.5734023101016529
      ],
      [
        0.08714550598078062,
        -0.5712128241444511,
        0.8161627106896481
      ]
    ],
    [
      [
        -0.9622409556538294,
        -0.2603574569345224,
        -0.07941245419323871
      ],
      [
        0.257860292403174,
        -0.7784564045819142,
        -0.5722881230351968
      ],
      [
        0.08718034677698032,
        -0.5711563890774463,
        0.8161984846542281
      ]
    ],
    [
      [
        -0.9621934873749977,
        0.16390175234287288,
        0.21753139642836838
      ],
      [
        -0.2580167332578269,
        -0.8043320154029742,
        -0.5352358119154111
      ],
      [
        0.08724137901305667,
        -0.5711271527223386,
        0.8162124216226894
      ]
    ],
    [
      [
        -0.9961944687057368,
        -0.04993149978862321,
        0.07143826599906761
      ],
      [
        -6.965920118546381e-05,
        -0.8191811404327,
        -0.5735348762777872
      ],
      [
        0.08715833676528315,
        -0.5713572476903044,
        0.8160602427787238
      ]
    ],
    [
      [
        -0.9622757972322884,
        -0.2602349826247664,
        -0.07939171165336811
      ],
      [
        0.25775112908700293,
        -0.7785040041161195,
        -0.5722725496033724
      ],
      [
        0.08711857158688491,
        -0.5711473272225448,
        0.8162114218088377
      ]
    ],
    [
      [
        -0.9622087827500362,
        0.1638863147161176,
        0.2174753646909549
      ],
      [
        -0.25797509860523904,
        -0.8043201804252106,
        -0.5352736644562056
      ],
      [
        0.08719579633394804,
        -0.5711482497649162,
        0.8162025299471708
      ]
    ],
    [
      [
        -0.9961941030281889,
        -0.04985717924466845,
        0.07149524997947349
      ],
      [
        -0.00013974883823907047,
        -0.8193373243244664,
        -0.573311721002708
      ],
      [
        0.08716243205719201,
        -0.5711397470379641,
        0.8162120434000505
      ]
    ],
    [
      [
        -0.9622957043206903,
        -0.2601932731112689,
        -0.07928706119911051
      ],
      [
        0.25765883466865475,
        -0.7785393274904193,
        -0.5722660574138193
      ],
      [
        0.0871716832643357,
        -0.571118180570721,
        0.8162261460272222
      ]
    ],
    [
      [
        -0.9657982230807788,
        0.21246493508784964,
        0.14863527055220166
      ],
      [
        -0.25929479802987315,
        -0.7913770155388297,
        -0.5536141499198717
      ],
      [
        2.9423869672418057e-06,
        -0.5732199147229367,
        0.8194015678264057
      ]
    ],
    [
      [
        -0.9999999830704278,
        0.00015460888476292257,
        9.977593570877535e-05
      ],
      [
        -0.00018387896846373293,
        -0.8192893740654084,
        -0.5733802296312951
      ],
      [
        -6.9043139347700055e-06,
        -0.573380238270909,
        0.8192893886245117
      ]
    ],
    [
      [
        -0.965978670308813,
        -0.21188128876277412,
        -0.14829540782048317
      ],
      [
        0.25862174652745,
        -0.7913383058328679,
        -0.5539841856449131
      ],
      [
        2.7046421184714897e-05,
        -0.5734893243939178,
        0.8192130333891783
      ]
    ],
    [
      [
        -0.9658106027887068,
        0.212365673236063,
        0.1486966723632671
      ],
      [
        -0.2592486596495735,
        -0.7913940307280598,
        -0.5536114346704688
      ],
      [
        0.00010959386243883373,
        -0.5732332064343348,
        0.8193922620028804
      ]
    ],
    [
      [
        -0.9999999765747235,
        0.00017115077297156768,
        0.00013250647251271345
      ],
      [
        -0.00021620008177593064,
        -0.8192080284840481,
        -0.5734964335763595
      ],
      [
        1.0396008205484415e-05,
        -0.5734964487899572,
        0.8192080462966846
      ]
    ],
    [
      [
        -0.9659993270594739,
        -0.2118513856587778,
        -0.14820354420559445
      ],
      [
        0.2585445744890288,
        -0.7914157677899888,
        -0.5539095463120941
      ],
      [
        5.588318917400248e-05,
        -0.5733934712637027,
        0.8192801254694457
      ]
    ],
    [
      [
        -0.9658101352300562,
        0.21235836177285775,
        0.148710150534686
      ],
      [
        -0.25925040987256864,
        -0.7913123996627051,
        -0.5537272894854982
      ],
      [
        8.756600973915118e-05,
        -0.5733485958168901,
