-1.000000 0.000092 0.000125
-0.000017 -0.865961 0.500111
0.000154 0.500111 0.865961
-1.000000 0.000003 0.000015
0.000004 -0.866137 0.499806
0.000014 0.499806 0.866137
-1.000000 0.000100 -0.000092
-0.000132 -0.866074 0.499916
-0.000029 0.499916 0.866074
-1.000000 -0.000010 0.000225
0.000086 -0.939693 0.342020
0.000208 0.342020 0.939693
-1.000000 -0.000025 -0.000081
0.000010 -0.984808 0.173649
-0.000084 0.173649 0.984808
-1.000000 0.000151 -0.000180
-0.000151 -1.000000 -0.000044
-0.000180 -0.000044 1.000000
