-0.953753 -0.259956 0.150926
0.300387 -0.842820 0.446567
0.011116 0.471251 0.881929
-1.000000 0.000092 0.000125
-0.000017 -0.865961 0.500111
0.000154 0.500111 0.865961
-1.000000 0.000003 0.000015
0.000004 -0.866137 0.499806
0.000014 0.499806 0.866137
-1.000000 0.000100 -0.000092
-0.000132 -0.866074 0.499916
-0.000029 0.499916 0.866074
-1.000000 -0.000010 0.000225
0.000086 -0.939693 0.342020
0.000208 0.342020 0.939693
-0.999986 0.003915 -0.003490
-0.005135 -0.866149 0.499759
-0.001067 0.499770 0.866157