-0.939749 0.336651 0.059478
-0.341865 -0.925452 -0.163302
0.000068 -0.173797 0.984782
-0.939776 0.341790 -0.000042
-0.341790 -0.939776 -0.000052
-0.000057 -0.000034 1.000000
-0.953753 -0.259956 0.150926
0.300387 -0.842820 0.446567
0.011116 0.471251 0.881929
-1.000000 0.000092 0.000125
-0.000017 -0.865961 0.500111
0.000154 0.500111 0.865961
-1.000000 0.000003 0.000015
0.000004 -0.866137 0.499806
0.000014 0.499806 0.866137
-1.000000 0.000100 -0.000092
-0.000132 -0.866074 0.499916
-0.000029 0.499916 0.866074
-1.000000 -0.000010 0.000225
0.000086 -0.939693 0.342020
0.000208 0.342020 0.939693
-1.000000 -0.000025 -0.000081
0.000010 -0.984808 0.173649
-0.000084 0.173649 0.984808
-1.000000 0.000151 -0.000180
-0.000151 -1.000000 -0.000044
-0.000180 -0.000044 1.000000
-1.000000 -0.000789 -0.000364
0.000790 -0.999996 -0.002882
-0.000361 -0.002882 0.999996
-0.939688 -0.336835 -0.059401
0.342033 -0.925394 -0.163276
0.000027 -0.173746 0.984791
-0.999986 0.003915 -0.003490
-0.005135 -0.866149 0.499759
-0.001067 0.499770 0.866157