-0.011906 0.955798 0.293785
0.998012 0.029545 -0.055677
-0.061896 0.292538 -0.954249
-0.012839 0.996611 -0.081247
0.999884 0.013466 0.007167
0.008237 -0.081145 -0.996668
-0.003163 0.999813 -0.019061
0.996781 0.004680 0.080031
0.080105 -0.018746 -0.996610
-0.013901 0.999291 -0.034988
0.997526 0.016271 0.068392
0.068913 -0.033950 -0.997045
-0.001281 0.999629 -0.027194
0.993266 -0.001878 -0.115844
-0.115852 -0.027159 -0.992895
-0.029240 0.999572 -0.000395
0.999569 0.029241 0.002437
0.002447 -0.000323 -0.999997