-0.021133 0.934744 -0.354693
0.759669 -0.215629 -0.613520
-0.649966 -0.282415 -0.705539
-0.022806 0.936243 -0.350612
0.874215 -0.151461 -0.461311
-0.485003 -0.317031 -0.815023
-0.011906 0.955798 0.293785
0.998012 0.029545 -0.055677
-0.061896 0.292538 -0.954249
-0.012839 0.996611 -0.081247
0.999884 0.013466 0.007167
0.008237 -0.081145 -0.996668
-0.003163 0.999813 -0.019061
0.996781 0.004680 0.080031
0.080105 -0.018746 -0.996610
-0.013901 0.999291 -0.034988
0.997526 0.016271 0.068392
0.068913 -0.033950 -0.997045
-0.001281 0.999629 -0.027194
0.993266 -0.001878 -0.115844
-0.115852 -0.027159 -0.992895
-0.005096 0.997563 -0.069580
0.946455 -0.017649 -0.322352
-0.322795 -0.067497 -0.944059
-0.017041 0.998045 -0.060133
0.898891 -0.011044 -0.438034
-0.437842 -0.061518 -0.896945
0.006308 0.999814 -0.018244
0.868851 -0.014511 -0.494861
-0.495033 -0.012729 -0.868781
-0.009330 0.962792 0.270082
0.774743 0.177722 -0.606786
-0.632208 0.203582 -0.747574
-0.029240 0.999572 -0.000395
0.999569 0.029241 0.002437
0.002447 -0.000323 -0.999997