-0.953770 -0.259972 0.150788
0.300337 -0.842792 0.446654
0.010965 0.471292 0.881909
-0.953770 -0.259972 0.150788
0.300337 -0.842792 0.446654
0.010965 0.471292 0.881909
-0.953770 -0.259972 0.150788
0.300336 -0.842792 0.446654
0.010965 0.471292 0.881909
-0.953770 -0.259972 0.150788
0.300337 -0.842792 0.446654
0.010965 0.471292 0.881909
-0.984775 -0.150498 0.086995
0.173833 -0.852793 0.492469
0.000073 0.500094 0.865971
-0.984775 -0.150499 0.086996
0.173834 -0.852794 0.492468
0.000073 0.500093 0.865972
-0.984737 -0.150764 0.086970
0.174051 -0.852844 0.492304
-0.000050 0.499927 0.866068
-0.984745 -0.150711 0.086975
0.174007 -0.852941 0.492152
0.000012 0.499778 0.866153
-0.984711 -0.150792 0.087215
0.174197 -0.852795 0.492337
0.000136 0.500002 0.866024
-0.999986 0.003915 -0.003490
-0.005135 -0.866149 0.499759
-0.001067 0.499770 0.866157
