-0.008249 0.949327 0.314181
0.999820 0.013198 -0.013627
-0.017083 0.314012 -0.949265
-0.008249 0.949327 0.314181
0.999820 0.013198 -0.013627
-0.017083 0.314012 -0.949265
-0.021283 0.985761 0.166803
0.999429 0.025354 -0.022315
-0.026226 0.166233 -0.985738
-0.041420 0.998265 0.041844
0.996090 0.037987 0.079760
0.078032 0.044985 -0.995935
-0.029886 0.993474 0.110071
0.999549 0.029396 0.006064
0.002789 0.110203 -0.993905
-0.027549 0.984466 0.173399
0.999098 0.021509 0.036615
0.032316 0.174252 -0.984171
-0.040435 0.986256 0.160200
0.998097 0.032400 0.052457
0.046546 0.162016 -0.985690
-0.029240 0.999572 -0.000395
0.999569 0.029241 0.002437
0.002447 -0.000323 -0.999997
