{
  "rotations": [
    [
      [
        0.9492066771140182,
        0.28476902138732935,
        -0.1338405341451785
      ],
      [
        -0.17442858094142652,
        0.8302376113089877,
        0.5294149402110846
      ],
      [
        0.261880419796754,
        -0.4791785817688942,
        0.8377389405423545
      ]
    ],
    [
      [
        0.9649325617875545,
        0.136648193374793,
        -0.2241259075821283
      ],
      [
        -0.00702096170743767,
        0.8669495787228302,
        0.49834639965490884
      ],
      [
        0.26240399634687395,
        -0.4792970886618368,
        0.8375072796707366
      ]
    ],
    [
      [
        0.9513835519805764,
        -0.015857791782504696,
        -0.30760017467583567
      ],
      [
        0.16079897263343013,
        0.8773491459007402,
        0.4521085783163987
      ],
      [
        0.26270330683273724,
        -0.47959045718928206,
        0.8372454633810328
      ]
    ],
    [
      [
        0.9489459931377824,
        0.2858860848236436,
        -0.13330659628074126
      ],
      [
        -0.17525736266353403,
        0.8292153757425714,
        0.5307416673527044
      ],
      [
        0.26227153665613545,
        -0.48028221613579947,
        0.8369842495075489
      ]
    ],
    [
      [
        0.9648858442837358,
        0.13759110286997359,
        -0.2237498511996969
      ],
      [
        -0.007651812281034759,
        0.8661920777654835,
        0.4996526135077553
      ],
      [
        0.26255810265477997,
        -0.48039564197371615,
        0.8368292955573335
      ]
    ],
    [
      [
        0.9514462036265057,
        -0.014697322373717916,
        -0.30746399841242106
      ],
      [
        0.16006841015348222,
        0.8768067336664174,
        0.45341819093212965
      ],
      [
        0.26292247084577386,
        -0.4806182898228818,
        0.8365870150869436
      ]
    ],
    [
      [
        0.9836822590027204,
        0.15784298288123616,
        0.08634121888448812
      ],
      [
        -0.1798796668857363,
        0.8534018461408637,
        0.4892326588080997
      ],
      [
        0.0035381865951139638,
        -0.4967805166857087,
        0.8678689990298644
      ]
    ],
    [
      [
        0.999973031469491,
        0.007333557840718767,
        -0.0003940344059242928
      ],
      [
        -0.006167272234559131,
        0.8676541927942346,
        0.49712992917321913
      ],
      [
        0.003987616694349625,
        -0.49711409219210617,
        0.8676760214833167
      ]
    ],
    [
      [
        0.9858790189713227,
        -0.143110200358881,
        -0.08695993620848345
      ],
      [
        0.16740343993446255,
        0.8556410697389434,
        0.4897493727143563
      ],
      [
        0.004318361987069239,
        -0.4973910235712318,
        0.8675157182555894
      ]
    ],
    [
      [
        0.9835024567825108,
        0.1585350035202283,
        0.0871181391078035
      ],
      [
        -0.18086081594087772,
        0.8524429063707107,
        0.4905409836450524
      ],
      [
        0.003504676870320758,
        -0.49820452028970674,
        0.8670524627742763
      ]
    ],
    [
      [
        0.9999675169536782,
        0.008040063629316196,
        0.0005678154027202254
      ],
      [
        -0.007253426485414381,
        0.8669345799785994,
        0.4983691622096516
      ],
      [
        0.003514660967391966,
        -0.4983570922683512,
        0.8669647373129534
      ]
    ],
    [
      [
        0.9860581013210511,
        -0.14234757979318421,
        -0.08617764992239633
      ],
      [
        0.1663577944472077,
        0.8551528919211003,
        0.49095683686617475
      ],
      [
        0.0038085490392842924,
        -0.49844829016258263,
        0.8669110663662182
      ]
    ],
    [
      [
        0.9512626751775141,
        0.030411017570958626,
        0.3068786288167008
      ],
      [
        -0.17297609410762738,
        0.876456492283379,
        0.4493364975178231
      ],
      [
        -0.25530098644813104,
        -0.4805197052615161,
        0.83900072656345
      ]
    ],
    [
      [
        0.9669309842410053,
        -0.12215231143334354,
        0.22388230060952255
      ],
      [
        -0.00517985770563293,
        0.8682513165525075,
        0.4960975915875698
      ],
      [
        -0.25498556976595865,
        -0.48085181097332813,
        0.8389063684910257
      ]
    ],
    [
      [
        0.9532246666698826,
        -0.2708986964752848,
        0.1340769596167922
      ],
      [
        0.16270732518175604,
        0.8337025465161337,
        0.5276991474928799
      ],
      [
        -0.2547333138486007,
        -0.4812005405031311,
        0.8387830343033917
      ]
    ],
    [
      [
        0.9503673610122637,
        0.02929125752485838,
        0.30974812566857957
      ],
      [
        -0.17288571410407744,
        0.8774270493560333,
        0.44747324268283173
      ],
      [
        -0.2586743299620373,
        -0.4788149906706949,
        0.8389420693514622
      ]
    ],
    [
      [
        0.966012942205902,
        -0.12332656185019886,
        0.22717736382154305
      ],
      [
        -0.005339909141030434,
        0.869142319019287,
        0.4945332290758038
      ],
      [
        -0.2584385436831399,
        -0.4789386061198084,
        0.8389441761565264
      ]
    ],
    [
      [
        0.9523682842890037,
        -0.27214415157782557,
        0.13759437431234212
      ],
      [
        0.1624431420899095,
        0.8345967178388773,
        0.5263654093503207
      ],
      [
        -0.2580830809417326,
        -0.4789424593148521,
        0.83905139532514
      ]
    ],
    [
      [
        0.9489791877154462,
        0.2849415678673847,
        -0.13508073209828517
      ],
      [
        -0.17391708020184787,
        0.8302596925786594,
        0.5295485738751963
      ],
      [
        0.26304248800715846,
        -0.47903772897389485,
        0.8374553741678044
      ]
    ],
    [
      [
        0.964738639001997,
        0.13627510435815443,
        -0.22518537774187006
      ],
      [
        -0.006097983661171605,
        0.8668783100713849,
        0.49848250733907207
      ],
      [
        0.2631390754180053,
        -0.47953215894239465,
        0.8371420043984195
      ]
    ],
    [
      [
        0.9510297800904031,
        -0.015988363140755954,
        -0.30868548658023903
      ],
      [
        0.16149047150972112,
        0.8772263384789415,
        0.4521004077529654
      ],
      [
        0.26355869363913526,
        -0.47981071614013476,
        0.8368503400754066
      ]
    ],
    [
      [
        0.9489048159161116,
        0.28561942849641203,
        -0.13416852237612714
      ],
      [
        -0.1747469272635931,
        0.8296384681684854,
        0.5302485488400526
      ],
      [
        0.2627606548613069,
        -0.4797098646061306,
        0.837159055410873
      ]
    ],
    [
      [
        0.9647281851617976,
        0.1373612953194322,
        -0.22456937302889815
      ],
      [
        -0.007167712577898486,
        0.8664614123694424,
        0.4991925928648702
      ],
      [
        0.26315043729932375,
        -0.47997551544106826,
        0.8368843121520775
      ]
    ],
    [
      [
        0.9512261264980855,
        -0.014967980334804218,
        -0.3081311666030317
      ],
      [
        0.16051641379931353,
        0.8769788877726336,
        0.45292660697080056
      ],
      [
        0.26344513122936225,
        -0.4802957317796728,
        0.8366078369617228
      ]
    ],
    [
      [
        0.9994783619306928,
        0.006270990930505198,
        -0.031680888641086626
      ],
      [
        0.010245290887872266,
        0.8687299607300245,
        0.4951800574989196
      ],
      [
        0.030627406794606227,
        -0.4952463326494806,
        0.8682125499843216
      ]
    ],
    [
      [
        0.9835525320935526,
        0.1584021818769467,
        0.08679380962363531
      ],
      [
        -0.18059189524917862,
        0.8535937664938891,
        0.4886350879471161
      ],
      [
        0.0033142092074645024,
        -0.4962725365959705,
        0.8681604606511002
      ]
    ],
    [
      [
        0.9999711623442468,
        0.007588366908620391,
        0.0003019396568335786
      ],
      [
        -0.006736819238304472,
        0.8680005472316112,
        0.496517537728703
      ],
      [
        0.0035056734654876948,
        -0.4965052534397635,
        0.8680266375868138
      ]
    ],
    [
      [
        0.9860231630170124,
        -0.1426763570533731,
        -0.08603359304309408
      ],
      [
        0.16656381882000923,
        0.8560936366345128,
        0.4892444987672218
      ],
      [
        0.003849188748485423,
        -0.4967364919671932,
        0.8678928743192361
      ]
    ],
    [
      [
        0.9576714245080375,
        -0.26216242510014953,
        0.11889619651761213
      ],
      [
        0.16331356653105336,
        0.8349330343070391,
        0.5255620869219428
      ],
      [
        -0.23705299337416802,
        -0.48389843054968584,
        0.8424061889871759
      ]
    ],
    [
      [
        0.966948541186964,
        -0.12157337231162207,
        0.2241214711739635
      ],
      [
        -0.005638121478223297,
        0.868595556338372,
        0.49548962763657395
      ],
      [
        -0.25490925891893146,
        -0.48037659669681415,
        0.8392017606412582
      ]
    ],
    [
      [
        0.9532744963876988,
        -0.27055334265902764,
        0.13441957935065238
      ],
      [
        0.16248318823460692,
        0.8342664542754643,
        0.5268763581826027
      ],
      [
        -0.25468990572438643,
        -0.48041687319105664,
        0.8392453037553631
      ]
    ],
    [
      [
        0.9487407638529455,
        0.2414004969478083,
        -0.20400187027838984
      ],
      [
        -0.17499486046061036,
        0.9387159538748192,
        0.2969665919817583
      ],
      [
        0.26318769313191925,
        -0.24604503249250895,
        0.9328419373986458
      ]
    ],
    [
      [
        0.96472388462043,
        0.07444523539167566,
        -0.2525187782529165
      ],
      [
        -0.007153291799336173,
        0.9662436914228509,
        0.2575305014983202
      ],
      [
        0.2631665952572651,
        -0.24663948530805188,
        0.9326908959712636
      ]
    ],
    [
      [
        0.951248053055059,
        -0.0941745047754689,
        -0.293697640796202
      ],
      [
        0.16036455851674236,
        0.9644262363321652,
        0.21015528317390705
      ],
      [
        0.26345844061386614,
        -0.2470084964621054,
        0.9325108325080412
      ]
    ],
    [
      [
        0.9487414368287561,
        0.24194163142992925,
        -0.20335666457023627
      ],
      [
        -0.17548967957824796,
        0.938388623344458,
        0.2977081858787503
      ],
      [
        0.2628555846955342,
        -0.24676109612075597,
        0.9327464301918564
      ]
    ],
    [
      [
        0.9647078969434966,
        0.07524645013734316,
        -0.2523423177284865
      ],
      [
        -0.007799818706320065,
        0.9660469980089587,
        0.25824864078253645
      ],
      [
        0.26320683198390693,
        -0.2471662788076224,
        0.9325400764671662
      ]
    ],
    [
      [
        0.9512989128162983,
        -0.09347670230898672,
        -0.29375582479325546
      ],
      [
        0.15987110526438006,
        0.9643549848570255,
        0.21085704371196956
      ],
      [
        0.2635746728653462,
        -0.2475511448304027,
        0.9323340723780734
      ]
    ],
    [
      [
        0.9835502029312005,
        0.17575362074509368,
        0.04170926886177692
      ],
      [
        -0.18057526047889857,
        0.9507176289046225,
        0.2520487361463067
      ],
      [
        0.004644740786324219,
        -0.25543424767435235,
        0.9668152726855661
      ]
    ],
    [
      [
        0.9999654795881391,
        0.007779721044487124,
        -0.0029181453927442794
      ],
      [
        -0.0067732922049185615,
        0.9666430781837013,
        0.2560376572151948
      ],
      [
        0.004812706595048148,
        -0.2560090532383743,
        0.9666624035904269
      ]
    ],
    [
      [
        0.9859570838989106,
        -0.1600658103790441,
        -0.04761895691063271
      ],
      [
        0.16692240571014005,
        0.9532204825386029,
        0.2520071866848496
      ],
      [
        0.005053630526284745,
        -0.256416941750293,
        0.9665530574168864
      ]
    ],
    [
      [
        0.9834840883220315,
        0.17592275840587843,
        0.04254681060020678
      ],
      [
        -0.18095358775648515,
        0.9507036984399445,
        0.2518298569484314
      ],
      [
        0.003853192888885394,
        -0.25536965529889866,
        0.9668358144261533
      ]
    ],
    [
      [
        0.9999635632673046,
        0.008223088841053605,
        -0.002291930991102587
      ],
      [
        -0.007363576230736664,
        0.9667200429751835,
        0.2557305931153996
      ],
      [
        0.004318551012778109,
        -0.2557043983195676,
        0.9667453701969193
      ]
    ],
    [
      [
        0.9860427804414742,
        -0.15970409583874134,
        -0.047055678845145194
      ],
      [
        0.1664270549945867,
        0.9533734403801113,
        0.25175606952687285
      ],
      [
        0.004655158974313168,
        -0.25607359284026326,
        0.9666460802924737
      ]
    ],
    [
      [
        0.9514168534347133,
        0.10986265925675276,
        0.28763895268447925
      ],
      [
        -0.1738637077329891,
        0.9626838559481373,
        0.207391428535906
      ],
      [
        -0.25412080224516687,
        -0.24732567516911927,
        0.9350147743583586
      ]
    ],
    [
      [
        0.9671962695114166,
        -0.05923028508682765,
        0.24702864119719484
      ],
      [
        -0.005830450172053844,
        0.9670057199452725,
        0.25468793344781043
      ],
      [
        -0.2539633479342846,
        -0.24777350730386458,
        0.9349389857013939
      ]
    ],
    [
      [
        0.9535443753212833,
        -0.22632416241889486,
        0.1988227798782869
      ],
      [
        0.16225564756691196,
        0.9419207594581936,
        0.29403807191304693
      ],
      [
        -0.2538232241655323,
        -0.24811823070279584,
        0.9348856157130285
      ]
    ],
    [
      [
        0.9512156533199387,
        0.11025123395126132,
        0.2881552468572218
      ],
      [
        -0.17417401502785476,
        0.9628023782471158,
        0.2065792654909356
      ],
      [
        -0.25466093804939705,
        -0.24669058728277835,
        0.9350355933213874
      ]
    ],
    [
      [
        0.9669722738307198,
        -0.0589615890369988,
        0.24796804766114539
      ],
      [
        -0.006132591809344223,
        0.9672117714631435,
        0.2538971848225741
      ],
      [
        -0.2548077961137531,
        -0.24703222494516877,
        0.9349053785695599
      ]
    ],
    [
      [
        0.9534366438854174,
        -0.22595113679521928,
        0.19976148246711628
      ],
      [
        0.1618693517400639,
        0.9422485725387136,
        0.2931994892833346
      ],
      [
        -0.2544737296142047,
        -0.2472118753816347,
        0.934948880745109
      ]
    ],
    [
      [
        0.9488441625047465,
        0.24139234690262543,
        -0.2035300718260301
      ],
      [
        -0.17527647891497958,
        0.9388503632416317,
        0.29637501814461864
      ],
      [
        0.26262694305770146,
        -0.24553967153578027,
        0.9331330872293985
      ]
    ],
    [
      [
        0.9648175567170281,
        0.07449926900841444,
        -0.2521446830052082
      ],
      [
        -0.007480854949054656,
        0.9664059699773867,
        0.256911537306712
      ],
      [
        0.2628138486834669,
        -0.24598650391694007,
        0.932962764975594
      ]
    ],
    [
      [
        0.9513502017807965,
        -0.09431534051549299,
        -0.29332134275412747
      ],
      [
        0.16023342735411644,
        0.9645813568292719,
        0.20954248928499894
      ],
      [
        0.2631692275513815,
        -0.24634817352853952,
        0.9327671387163904
      ]
    ],
    [
      [
        0.9486945258657694,
        0.1812646667959215,
        -0.2590787856303302
      ],
      [
        -0.175892509696794,
        0.9834267988566706,
        0.0439722221758792
      ],
      [
        0.2627556310050962,
        0.0038538113453064834,
        0.9648547178271082
      ]
    ],
    [
      [
        0.9649176475236407,
        0.007735760550014675,
        -0.262438738577513
      ],
      [
        -0.008577044814885837,
        0.9999610941349104,
        -0.002060222987112239
      ],
      [
        0.2624125907796476,
        0.004238894340039906,
        0.9649464565327381
      ]
    ],
    [
      [
        0.9518737934474703,
        -0.16606909772521056,
        -0.2575991772670427
      ],
      [
        0.15907127689216938,
        0.9861031922324289,
        -0.04792518270083237
      ],
      [
        0.2619782628689212,
        0.004642095404863614,
        0.9650626097484218
      ]
    ],
    [
      [
        0.95038152659616,
        0.1810886274278836,
        -0.2529463637236902
      ],
      [
        -0.1763411111855351,
        0.9834532940017686,
        0.04151422675326487
      ],
      [
        0.2562786889513113,
        0.005150488652149041,
        0.9665892126731195
      ]
    ],
    [
      [
        0.9663475720657776,
        0.0075374491227383185,
        -0.2571294553786075
      ],
      [
        -0.008661181235107986,
        0.9999572487416034,
        -0.0032379976430126334
      ],
      [
        0.25709405652832545,
        0.005356075974598699,
        0.9663715427039256
      ]
    ],
    [
      [
        0.9529678247761462,
        -0.16623628436750734,
        -0.2534123570410598
      ],
      [
        0.15917537424666903,
        0.9860697029975272,
        -0.04826739130926205
      ],
      [
        0.2579060394307454,
        0.005660264132865311,
        0.9661534227207876
      ]
    ],
    [
      [
        0.9501838376938099,
        0.18140606669553822,
        -0.25346106910434474
      ],
      [
        -0.17663739147585733,
        0.9833945340884325,
        0.041646395493480426
      ],
      [
        0.2568071387599422,
        0.005198970191164054,
        0.9664486867862582
      ]
    ],
    [
      [
        0.9661845643700339,
        0.00788748428174268,
        -0.25773081919862256
      ],
      [
        -0.009054922926480675,
        0.9999534150709984,
        -0.0033430612681774104
      ],
      [
        0.2576924444835031,
        0.005563746898678577,
        0.9662109752929554
      ]
    ],
    [
      [
        0.9528452152285426,
        -0.16605123799359262,
        -0.2539940593338117
      ],
      [
        0.15894772343787456,
        0.9861004444441966,
        -0.04838940670100232
      ],
      [
        0.25849877568373425,
        0.005735837144944234,
        0.9659945564765142
      ]
    ],
    [
      [
        0.983226569680164,
        0.18232979795374882,
        0.004621412459752888
      ],
      [
        -0.18231771678580322,
        0.9832353451327549,
        -0.00291654379090954
      ],
      [
        -0.005075708914985741,
        0.0020250579788703583,
        0.9999850680481148
      ]
    ],
    [
      [
        0.9999521007157922,
        0.008660799735180184,
        0.004559256740071316
      ],
      [
        -0.008647934534485986,
        0.9999585900695963,
        -0.0028339679449156797
      ],
      [
        -0.00458361237039385,
        0.002794404046065599,
        0.9999855907980204
      ]
    ],
    [
      [
        0.9862783439461761,
        -0.1650265299916954,
        0.004612229578881808
      ],
      [
        0.16503950756707766,
        0.9862835599611731,
        -0.0025884922892336947
      ],
      [
        -0.004121796308015275,
        0.0033141739868278184,
        0.9999860134251779
      ]
    ],
    [
      [
        0.983259721482213,
        0.1821579282370807,
        0.004336967961110306
      ],
      [
        -0.18214700131625006,
        0.9832673323447582,
        -0.002796972492005934
      ],
      [
        -0.0047738896320655205,
        0.001960184684562272,
        0.9999866837382303
      ]
    ],
    [
      [
        0.99995141528859,
        0.008830113823544119,
        0.004381341371036141
      ],
      [
        -0.008819411590795363,
        0.999958092090042,
        -0.0024560217498231685
      ],
      [
        -0.004402844709780506,
        0.002417261571844289,
        0.9999873858229189
      ]
    ],
    [
      [
        0.9863028936889782,
        -0.16488216029473662,
        0.004524943898983533
      ],
      [
        0.1648937184057679,
        0.9863086358342745,
        -0.002310088537643354
      ],
      [
        -0.004082098855674327,
        0.003024581834436268,
        0.9999870941035486
      ]
    ],
    [
      [
        0.9483730420335483,
        0.18289387816429634,
        0.25911079189037517
      ],
      [
        -0.17624732731347417,
        0.9831324315178774,
        -0.04886206823910905
      ],
      [
        -0.2636767960190864,
        0.0006718837472182264,
        0.9646108520089018
      ]
    ],
    [
      [
        0.9646163294961411,
        0.009213744927592788,
        0.263496572603519
      ],
      [
        -0.008614017662139014,
        0.9999570116338022,
        -0.003431265672076708
      ],
      [
        -0.2635168601230453,
        0.0010400907678049358,
        0.964654229577669
      ]
    ],
    [
      [
        0.9514917881432663,
        -0.16442321239662003,
        0.2600545795041992
      ],
      [
        0.15899480158588605,
        0.9863888123452007,
        0.04192569556834171
      ],
      [
        -0.2634084853693871,
        0.0014553712242995065,
        0.9646832908939623
      ]
    ],
    [
      [
        0.9484975188092829,
        0.1825960569940804,
        0.25886509378989064
      ],
      [
        -0.17612847695274977,
        0.9831880142235523,
        -0.04816729485296982
      ],
      [
        -0.2633082156312997,
        9.30449503528559e-05,
        0.96471175743001
      ]
    ],
    [
      [
        0.9646359106629816,
        0.00930355073988371,
        0.26342172234466693
      ],
      [
        -0.008890918616877665,
        0.9999566701892753,
        -0.0027584978023113774
      ],
      [
        -0.2634359721555665,
        0.00031888494431029117,
        0.9646768302840304
      ]
    ],
    [
      [
        0.9515079144322479,
        -0.16440029726630795,
        0.2600100594814431
      ],
      [
        0.1587648430855899,
        0.9863934782566758,
        0.04268056528099153
      ],
      [
        -0.2634889245733149,
        0.0006695606369405485,
        0.9646621887042901
      ]
    ],
    [
      [
        0.9540621497802304,
        -0.09396746658979185,
        -0.2844917038850548
      ],
      [
        0.15908198880596955,
        0.9635160783931618,
        0.21524332165110283
      ],
      [
        0.25388646122679076,
        -0.2506130122331222,
        0.9342027525677594
      ]
    ],
    [
      [
        0.9508275007372021,
        0.24134081154523473,
        -0.19411768730472065
      ],
      [
        -0.17720991998578456,
        0.9379398416081398,
        0.2981031663413345
      ],
      [
        0.2540151729729499,
        -0.24904510877908245,
        0.9345869813413502
      ]
    ],
    [
      [
        0.9671999608162131,
        0.07486610402895455,
        -0.24273298553068948
      ],
      [
        -0.009450075589040749,
        0.9655242556174068,
        0.26014151511401246
      ],
      [
        0.25384036690108525,
        -0.24931501816372456,
        0.9345625125423898
      ]
    ],
    [
      [
        0.9541405128945352,
        -0.09399472701696196,
        -0.28421976170977303
      ],
      [
        0.15877439671845053,
        0.9637814159410996,
        0.21428036128693972
      ],
      [
        0.253784500314825,
        -0.24958039502247792,
        0.9345068506010956
      ]
    ],
    [
      [
        0.9526355865987671,
        0.17375557110239603,
        -0.24958854271881756
      ],
      [
        -0.16673473104871578,
        0.9847749353864075,
        0.049171700161876275
      ],
      [
        0.25433239787281375,
        -0.005227632884704746,
        0.9671027366555672
      ]
    ],
    [
      [
        0.9511544807011362,
        0.18157212918786036,
        -0.24967321791561733
      ],
      [
        -0.1759758916100862,
        0.9833766753403897,
        0.044752653200870074
      ],
      [
        0.25364865348388427,
        0.0013697805185884822,
        0.9672954482923735
      ]
    ],
    [
      [
        0.9673006260250419,
        0.00812816298627587,
        -0.25350233107021036
      ],
      [
        -0.008272313569867249,
        0.999965660164836,
        0.0004973120805574682
      ],
      [
        0.2534976680755936,
        0.0016160004864520263,
        0.9673346477939596
      ]
    ],
    [
      [
        0.9539681388975044,
        -0.16564886078078367,
        -0.2500104895608588
      ],
      [
        0.15980437047440266,
        0.9861833601043425,
        -0.04364565763725784
      ],
      [
        0.2537860381220992,
        0.0016837978909022555,
        0.967258916567302
      ]
    ],
    [
      [
        0.9508970234683667,
        0.1826594768393719,
        -0.24986069374707034
      ],
      [
        -0.17688840340012624,
        0.9831758495422248,
        0.04556030749982466
      ],
      [
        0.25397902177454446,
        0.0008742983994804061,
        0.9672093320997032
      ]
    ],
    [
      [
        0.967116167308906,
        0.009258171465335306,
        -0.25416649108576506
      ],
      [
        -0.009217706831375213,
        0.99995660447451,
        0.0013502031621744118
      ],
      [
        0.2541679618097109,
        0.0010370288938974415,
        0.9671595379049779
      ]
    ],
    [
      [
        0.9540330559408706,
        -0.16460181812032285,
        -0.2504539271874327
      ],
      [
        0.15880538741554104,
        0.9863588638171871,
        -0.043324827721155736
      ],
      [
        0.25416879647180063,
        0.001559884852181996,
        0.9671586165977762
      ]
    ],
    [
      [
        0.9507050224788888,
        0.1825841583125753,
        -0.25064513832648716
      ],
      [
        -0.176839866763705,
        0.9831895987084499,
        0.04545189230947563
      ],
      [
        0.2547304884704823,
        0.0011127105668383465,
        0.9670114477702856
      ]
    ],
    [
      [
        0.9670365976950636,
        0.009039456560442135,
        -0.2544769281161804
      ],
      [
        -0.009145442450254546,
        0.9999578856674854,
        0.0007666640732301123
      ],
      [
        0.25447314121679887,
        0.0015859118840526039,
        0.9670785414239896
      ]
    ],
    [
      [
        0.9538696121541733,
        -0.16464375028972827,
        -0.25104819955415186
      ],
      [
        0.15873434585772234,
        0.9863512938705212,
        -0.043755371385354416
      ],
      [
        0.254825764894307,
        0.0018869473980225974,
        0.966985144133843
      ]
    ],
    [
      [
        0.9831075185417281,
        0.18296089740748034,
        0.004991693758159947
      ],
      [
        -0.18295554624341892,
        0.983120023785302,
        -0.0015122602815868882
      ],
      [
        -0.005184118584483977,
        0.0005734563946160826,
        0.9999863979386248
      ]
    ],
    [
      [
        0.9999448868416988,
        0.009328899344230443,
        0.004816110065972742
      ],
      [
        -0.009323706554087654,
        0.9999559287811083,
        -0.001099541542967272
      ],
      [
        -0.004826155326510958,
        0.001054576946772838,
        0.9999877979716693
      ]
    ],
    [
      [
        0.9863601858628273,
        -0.164529074772645,
        0.004875171700209218
      ],
      [
        0.16453502090147692,
        0.9863708825064276,
        -0.0008420453919398339
      ],
      [
        -0.004670186463053297,
        0.001632696526890924,
        0.9999877617553385
      ]
    ],
    [
      [
        0.9831468964639667,
        0.18276478066582,
        0.0043834827985631125
      ],
      [
        -0.182755416146322,
        0.9831553497785475,
        -0.002452768029594865
      ],
      [
        -0.0047579241750226025,
        0.0016103260530205843,
        0.9999873844241977
      ]
    ],
    [
      [
        0.9999468118353939,
        0.00922528140755916,
        0.004611689840254217
      ],
      [
        -0.009216098841610674,
        0.9999555138326119,
        -0.0020084516172257185
      ],
      [
        -0.004630013215210416,
        0.0019658430019758636,
        0.9999873491394371
      ]
    ],
    [
      [
        0.9863709528743083,
        -0.1644711350393301,
        0.0046464034159450435
      ],
      [
        0.1644797611446713,
        0.9863792604078211,
        -0.0015371438162785824
      ],
      [
        -0.0043303001767942195,
        0.0022804333348039815,
        0.9999880239903799
      ]
    ],
    [
      [
        0.9482763760353257,
        0.18321528759153083,
        0.2592374838754277
      ],
      [
        -0.17652529896279284,
        0.983072517557109,
        -0.049063673425708484
      ],
      [
        -0.2638384609555752,
        0.0007639480876394968,
        0.9645665777456283
      ]
    ],
    [
      [
        0.9645939928100389,
        0.009298414042501871,
        0.26357535645632973
      ],
      [
        -0.008688100940019938,
        0.9999561986663953,
        -0.0034810416126590223
      ],
      [
        -0.2635961796704252,
        0.0010678225260983346,
        0.9646325278665498
      ]
    ],
    [
      [
        0.9514718616580488,
        -0.16443104823026947,
        0.2601225227673727
      ],
      [
        0.15900860222799632,
        0.9863874544329414,
        0.0419052998414451
      ],
      [
        -0.2634721254525161,
        0.001490005099781571,
        0.9646658587274336
      ]
    ],
    [
      [
        0.948449581528978,
        0.18297851621647096,
        0.2587706588868325
      ],
      [
        -0.1763712918237528,
        0.9831167417713221,
        -0.0487302726173412
      ],
      [
        -0.2633183600091862,
        0.0005784912777559506,
        0.9647088196082352
      ]
    ],
    [
      [
        0.9645932120431508,
        0.009563905799777292,
        0.2635687139744207
      ],
      [
        -0.008999992336157251,
        0.9999538981969031,
        -0.0033468819469340385
      ],
      [
        -0.26358857224513,
        0.0008562632017017294,
        0.9646348176357222
      ]
    ],
    [
      [
        0.9515129059263269,
        -0.16417236733982682,
        0.26013577927242865
      ],
      [
        0.15864300048791485,
        0.986431101993875,
        0.042262032787606846
      ],
      [
        -0.26354428138707203,
        0.001055850929950506,
        0.9646467213062953
      ]
    ],
    [
      [
        0.950873428349979,
        0.2414512714373646,
        -0.19375501742983994
      ],
      [
        -0.1769723780590563,
        0.9374662729552814,
        0.2997294854955989
      ],
      [
        0.25400885941651713,
        -0.25071551725534275,
        0.9341419746191187
      ]
    ],
    [
      [
        0.9672266037222138,
        0.07465558427295424,
        -0.24269165784768026
      ],
      [
        -0.00897274052641455,
        0.9652522167279319,
        0.2611659396423265
      ],
      [
        0.25375615653504313,
        -0.25042903553437545,
        0.9342874885076249
      ]
    ],
    [
      [
        0.9540831122327089,
        -0.09430146707203677,
        -0.284310830360734
      ],
      [
        0.15926975578390876,
        0.963567701599902,
        0.21487305397842857
      ],
      [
        0.25368988912623736,
        -0.25028886859296035,
        0.9343430432199802
      ]
    ],
    [
      [
        0.9507889398354382,
        0.24157081111111484,
        -0.19402045022554024
      ],
      [
        -0.1770773100394636,
        0.9375137385320688,
        0.2995189749127947
      ],
      [
        0.2542518793554749,
        -0.250422709199349,
        0.9341544029556715
      ]
    ],
    [
      [
        0.9672062022474561,
        0.07494356436337132,
        -0.24268420734478474
      ],
      [
        -0.009200903988527818,
        0.9651890683434311,
        0.2613912885238022
      ],
      [
        0.25382573884428494,
        -0.25058636138236445,
        0.9342264017834757
      ]
    ],
    [
      [
        0.9541147952145859,
        -0.09407029006656474,
        -0.2842810899082485
      ],
      [
        0.15914154365031608,
        0.9634957343301128,
        0.21529035977551692
      ],
      [
        0.2536511908846948,
        -0.25065264900748474,
        0.9342560264233285
      ]
    ],
    [
      [
        0.9830737063454287,
        0.1755496771237525,
        0.052425172903944474
      ],
      [
        -0.18313496066211263,
        0.9497950367609272,
        0.25367493831199717
      ],
      [
        -0.005260615510440977,
        -0.25898204379079126,
        0.9658678102713623
      ]
    ],
    [
      [
        0.9999428961965896,
        0.007767622167868752,
        0.007339508964065254
      ],
      [
        -0.009400918969199493,
        0.9659724338005381,
        0.25847413770046634
      ],
      [
        -0.005082033895096076,
        -0.25852837597316536,
        0.965990295887162
      ]
    ],
    [
      [
        0.986406269412934,
        -0.15999360957518555,
        -0.03747954852931967
      ],
      [
        0.16424373098692696,
        0.9527643103671626,
        0.25546852197889136
      ],
      [
        -0.005164154756830592,
        -0.2581515326037954,
        0.9660906363897537
      ]
    ],
    [
      [
        0.999945259084946,
        0.00841078860646579,
        0.0062239431679517575
      ],
      [
        -0.009723417247273082,
        0.9666641254708531,
        0.25586309558962694
      ],
      [
        -0.003864452170228074,
        -0.2559096074059911,
        0.966692990999074
      ]
    ],
    [
      [
        0.9864487521099073,
        -0.15959413999157554,
        -0.03806008330464089
      ],
      [
        0.1640189288922552,
        0.9534739881197125,
        0.2529528512275122
      ],
      [
        -0.004080493333427325,
        -0.25576759853319964,
        0.9667296856488458
      ]
    ],
    [
      [
        0.9511370406806421,
        0.18163540568902276,
        -0.24969363076669557
      ],
      [
        -0.17607143158918231,
        0.983364788832022,
        0.04463791060845982
      ],
      [
        0.2536477494940704,
        0.001507144829495266,
        0.967295481066182
      ]
    ],
    [
      [
        0.9672881594444562,
        0.007855635867424203,
        -0.25355848552883165
      ],
      [
        -0.00808731727984824,
        0.999967288843065,
        0.0001286198485952859
      ],
      [
        0.2535512017281152,
        0.001926195464853711,
        0.9673200493493661
      ]
    ],
    [
      [
        0.953962394384951,
        -0.1661242180212986,
        -0.24971682819975038
      ],
      [
        0.1601128507410773,
        0.9861021027820582,
        -0.044345438506896394
      ],
      [
        0.25361314068260954,
        0.0023210074570076053,
        0.9673029452025296
      ]
    ],
    [
      [
        0.9511673219441464,
        0.1819221908120569,
        -0.24936928871804193
      ],
      [
        -0.176043202779674,
        0.983312893457604,
        0.045875312697675835
      ],
      [
        0.2535537742189518,
        0.0002646699388146982,
        0.9673212566304684
      ]
    ],
    [
      [
        0.9673162385199569,
        0.00798461879925062,
        -0.2534473131801419
      ],
      [
        -0.00785144828579416,
        0.9999679957965849,
        0.0015369262757232009
      ],
      [
        0.25345147357121,
        0.0005032347286923077,
        0.9673479711558765
      ]
    ],
    [
      [
        0.9539840653873441,
        -0.16591845952303055,
        -0.24977083051577498
      ],
      [
        0.16028563273434168,
        0.9861390944708475,
        -0.042874261453332285
      ],
      [
        0.2534224120435824,
        0.0008666866339268262,
        0.9673553276476495
      ]
    ],
    [
      [
        0.9833509563139188,
        0.18164308723103653,
        0.005165808521382252
      ],
      [
        -0.1816277605745181,
        0.9833618202663699,
        -0.003299550135604019
      ],
      [
        -0.005679199343838675,
        0.002306361547956511,
        0.9999812135191456
      ]
    ],
    [
      [
        0.9999575253609131,
        0.007701952035707091,
        0.005062352113259319
      ],
      [
        -0.007686359843282034,
        0.9999656781806149,
        -0.00309230223982424
      ],
      [
        -0.005085995127655459,
        0.003053259835406745,
        0.999982404974177
      ]
    ],
    [
      [
        0.9861038676629027,
        -0.1660534896759136,
        0.005039915348095325
      ],
      [
        0.1660700965158149,
        0.9861091558013431,
        -0.003075042762428949
      ],
      [
        -0.004459285087616525,
        0.0038692907895497303,
        0.999982571530771
      ]
    ],
    [
      [
        0.9832732109641859,
        0.1821000058890347,
        0.0036579304796156807
      ],
      [
        -0.18208329617794128,
        0.9832729170459029,
        -0.004477036633494579
      ],
      [
        -0.004412012370367615,
        0.003736102147302322,
        0.9999832877041442
      ]
    ],
    [
      [
        0.9999562342927345,
        0.00839314833572197,
        0.004133347324944424
      ],
      [
        -0.00837644350905192,
        0.9999567464066703,
        -0.004042339659890633
      ],
      [
        -0.004167096499208974,
        0.004007539993665723,
        0.999983287325326
      ]
    ],
    [
      [
        0.9862112502250878,
        -0.16542908533642284,
        0.0045373620336191765
      ],
      [
        0.16544616058692027,
        0.9862119336382964,
        -0.0036864476748831804
      ],
      [
        -0.003864954917796053,
        0.004386305297991062,
        0.9999829110786427
      ]
    ],
    [
      [
        0.9505158969902647,
        0.18286460467201185,
        -0.2511574524614808
      ],
      [
        -0.17748634400924815,
        0.9831345188518521,
        0.0441034639474939
      ],
      [
        0.2549865236811997,
        0.002655974413634795,
        0.9669409591804925
      ]
    ],
    [
      [
        0.966852368551323,
        0.009197327097170622,
        -0.2551703482008926
      ],
      [
        -0.009685634690475864,
        0.9999528772071008,
        -0.0006571498183904874
      ],
      [
        0.2551522798395887,
        0.0031068536349192852,
        0.9668958897177874
      ]
    ],
    [
      [
        0.9537997270402332,
        -0.16446958347556936,
        -0.2514275975491742
      ],
      [
        0.15815585881227415,
        0.9863762773070863,
