{
  "rotations": [
    [
      [
        0.9489856550442002,
        0.2593558856016147,
        0.1793341883861885
      ],
      [
        0.2562755015493209,
        -0.9657528687367424,
        0.04054952320800562
      ],
      [
        0.18370926439887245,
        0.00747804323033165,
        -0.9829521784112748
      ]
    ],
    [
      [
        0.9617908523042689,
        0.2634182523241183,
        0.07462694397022433
      ],
      [
        0.2695719434810361,
        -0.9587669986372725,
        -0.08998227387621016
      ],
      [
        0.047846877763182444,
        0.1066614582057801,
        -0.9931434990079389
      ]
    ],
    [
      [
        0.9517137746338696,
        0.29323087946608156,
        -0.09086551876096842
      ],
      [
        0.2735042442138171,
        -0.9443383093462328,
        -0.18281298066091337
      ],
      [
        -0.1394142014616167,
        0.1491335268430514,
        -0.9789396669877938
      ]
    ],
    [
      [
        0.9534286326210007,
        0.26227142726523456,
        0.14895482851759378
      ],
      [
        0.2635697377300792,
        -0.9645739932876646,
        0.011313921777422032
      ],
      [
        0.14664527217522644,
        0.028472968116182683,
        -0.9887792747804277
      ]
    ],
    [
      [
        0.960071420112169,
        0.2559251315096744,
        0.11298316399162818
      ],
      [
        0.27026811673940015,
        -0.9527894910259648,
        -0.13837388071677703
      ],
      [
        0.07223581769414138,
        0.16338455512146416,
        -0.9839143630366517
      ]
    ],
    [
      [
        0.948174056798588,
        0.30077228947788764,
        -0.10247920714143802
      ],
      [
        0.2722589621691563,
        -0.9352997281902392,
        -0.22602981211742568
      ],
      [
        -0.16383227866535308,
        0.18641472133255627,
        -0.9687148889832465
      ]
    ],
    [
      [
        0.9870642504459095,
        0.024914518690759842,
        0.15837749919121344
      ],
      [
        0.027252224416328304,
        -0.9995491084424334,
        -0.012605398696535427
      ],
      [
        0.15799203067249032,
        0.016758477566423388,
        -0.9872981675631929
      ]
    ],
    [
      [
        0.9986912102143479,
        0.012035979113558857,
        0.0497091726684182
      ],
      [
        0.015835762771890364,
        -0.9969231923903783,
        -0.07676833391190149
      ],
      [
        0.04863224504413765,
        0.0774550429665801,
        -0.9958090284090682
      ]
    ],
    [
      [
        0.990647704925969,
        0.03260824343133438,
        -0.13249085698731455
      ],
      [
        0.01920857067496215,
        -0.9946823050088135,
        -0.10118370874295285
      ],
      [
        -0.13508573402671054,
        0.0976924488518768,
        -0.9860061003359909
      ]
    ],
    [
      [
        0.9920843360753346,
        0.013276686163961075,
        0.12486953078499685
      ],
      [
        0.013130172771152403,
        -0.9999118027946048,
        0.001996295329647228
      ],
      [
        0.12488502182792491,
        -0.00034093481366361976,
        -0.992171162192538
      ]
    ],
    [
      [
        0.9986477267648214,
        0.019122391412217617,
        0.04834306541927668
      ],
      [
        0.023471860625677216,
        -0.9955680782810694,
        -0.0910674105622163
      ],
      [
        0.04638738606801749,
        0.09207896423405525,
        -0.994670636321069
      ]
    ],
    [
      [
        0.9929468597732864,
        0.0303261496737441,
        -0.1146161346073701
      ],
      [
        0.01574813577100656,
        -0.9919031211893674,
        -0.12601664332352736
      ],
      [
        -0.11750970124252318,
        0.12332283981792197,
        -0.9853846697067781
      ]
    ],
    [
      [
        0.9596992996100875,
        -0.2402287996293213,
        0.1458333917748724
      ],
      [
        -0.23415470454096537,
        -0.9704834020081565,
        -0.05773682332799518
      ],
      [
        0.15539893393856094,
        0.021262414146336228,
        -0.987622944789877
      ]
    ],
    [
      [
        0.9659685211845594,
        -0.2582486674145484,
        0.014575385385096644
      ],
      [
        -0.25635386259965937,
        -0.9633436284606984,
        -0.07906801271317548
      ],
      [
        0.03446031356138617,
        0.07264075497119996,
        -0.9967626635796834
      ]
    ],
    [
      [
        0.9579157790364624,
        -0.24303473664128197,
        -0.1527464469592342
      ],
      [
        -0.25292044270818526,
        -0.9662595878604979,
        -0.04872020656725687
      ],
      [
        -0.13575201631380293,
        0.08530255361572309,
        -0.9870637590416201
      ]
    ],
    [
      [
        0.9525850094830486,
        -0.260290815157567,
        0.1575769375663507
      ],
      [
        -0.2526536472915717,
        -0.9652303342262052,
        -0.06705621820408803
      ],
      [
        0.1695521578112363,
        0.024064360248663798,
        -0.9852273708882514
      ]
    ],
    [
      [
        0.9672179076524772,
        -0.25394084963293845,
        0.0018878570035540353
      ],
      [
        -0.24938624624117597,
        -0.9512204057903452,
        -0.18162114357581427
      ],
      [
        0.047916795615942975,
        0.17519641690329274,
        -0.9833667658621311
      ]
    ],
    [
      [
        0.960047778104856,
        -0.22969940415444864,
        -0.1598325607847793
      ],
      [
        -0.24205891763479107,
        -0.9682496074261265,
        -0.06245140600999487
      ],
      [
        -0.1404127634846717,
        0.09864523024578047,
        -0.9851666734113342
      ]
    ],
    [
      [
        0.9507019089962869,
        0.2576426576992734,
        0.17258661930888544
      ],
      [
        0.254572799717361,
        -0.9662226739784041,
        0.040080343487636394
      ],
      [
        0.1770835110191786,
        0.005831399804294507,
        -0.9841785533638918
      ]
    ],
    [
      [
        0.9613239153919847,
        0.2655388942646318,
        0.07311241569077638
      ],
      [
        0.2708684316326388,
        -0.9595786014203341,
        -0.07641466116570801
      ],
      [
        0.04986604496346869,
        0.0932630866362044,
        -0.9943919620706863
      ]
    ],
    [
      [
        0.9517542619230206,
        0.288931770949701,
        -0.10335500301018448
      ],
      [
        0.27446454127184217,
        -0.9521632839085499,
        -0.13436627687378794
      ],
      [
        -0.13723352540761674,
        0.09951639318401617,
        -0.9855269894791524
      ]
    ],
    [
      [
        0.947501631687774,
        0.2669267129268234,
        0.1760420059959782
      ],
      [
        0.2680523237995887,
        -0.9632398116639216,
        0.01780496928650608
      ],
      [
        0.17432329062591512,
        0.030318231342447863,
        -0.98422161894241
      ]
    ],
    [
      [
        0.9607988574086623,
        0.2755059048594135,
        0.031016962936516942
      ],
      [
        0.2772220046355073,
        -0.9561667838279191,
        -0.09430292492836187
      ],
      [
        0.0036763770318414962,
        0.09920472716443138,
        -0.9950602526280258
      ]
    ],
    [
      [
        0.9527784501085155,
        0.28423007917958304,
        -0.10689474775863526
      ],
      [
        0.27047627130232926,
        -0.9543453969344959,
        -0.1267574455893146
      ],
      [
        -0.1380427892763802,
        0.091859269752743,
        -0.9861572201679049
      ]
    ],
    [
      [
        0.9988534866359494,
        0.04345110493608834,
        -0.02009262837559817
      ],
      [
        0.043483748877875365,
        -0.9990534252224389,
        0.0011904347267100736
      ],
      [
        -0.020021883496133073,
        -0.0020627726839678546,
        -0.9997974140545282
      ]
    ],
    [
      [
        0.987659785230309,
        0.01974608714245305,
        0.15536486308488026
      ],
      [
        0.014147214000226584,
        -0.9992128755115661,
        0.037060568640257883
      ],
      [
        0.15597437281442336,
        -0.0344052532975725,
        -0.9871617261475837
      ]
    ],
    [
      [
        0.9995093119707865,
        0.009117054341554472,
        0.029966891794420185
      ],
      [
        0.012247338279866345,
        -0.9942913072018275,
        -0.10599433535779045
      ],
      [
        0.02882946389969584,
        0.10630933986726833,
        -0.9939150800084692
      ]
    ],
    [
      [
        0.9860191091718098,
        0.034036552140389184,
        -0.16311906530637535
      ],
      [
        0.021979127507576527,
        -0.9969291562458583,
        -0.07516099640722351
      ],
      [
        -0.1651763733166359,
        0.07052496398663058,
        -0.9837392922683569
      ]
    ],
    [
      [
        0.969686666860967,
        -0.24380291398625506,
        -0.01636787230763502
      ],
      [
        -0.2442877373684559,
        -0.9687882896350928,
        -0.04210405250462283
      ],
      [
        -0.0055919123266220064,
        0.04482620882611482,
        -0.9989791496917285
      ]
    ],
    [
      [
        0.960095618807918,
        -0.23576077825643216,
        -0.1504435381854668
      ],
      [
        -0.2383287512571105,
        -0.9711840346636548,
        0.0009885032378576797
      ],
      [
        -0.1463414126967036,
        0.034905962962599124,
        -0.9886181086140323
      ]
    ],
    [
      [
        0.9564522865513576,
        0.25484772539438644,
        0.14230832868102744
      ],
      [
        0.2812244553527968,
        -0.9351489939844745,
        -0.21542786440325684
      ],
      [
        0.07817818917193442,
        0.24606705572085952,
        -0.9660948063345878
      ]
    ],
    [
      [
        0.9622181374487129,
        0.2584340996527571,
        0.08572089652703496
      ],
      [
        0.27189506836737043,
        -0.8952693367598509,
        -0.3529389273728243
      ],
      [
        -0.014468163747787262,
        0.362911326351556,
        -0.9317113509255545
      ]
    ],
    [
      [
        0.9480102309669567,
        0.2935364201271462,
        -0.12293482842920159
      ],
      [
        0.22088493600930256,
        -0.8850133453030874,
        -0.40983072564121437
      ],
      [
        -0.2290992078252215,
        0.3613692691615843,
        -0.9038394792658032
      ]
    ],
    [
      [
        0.9529399826296197,
        0.2693631460332033,
        0.13910026982344603
      ],
      [
        0.2969509081296732,
        -0.9217491157162858,
        -0.24939672379004404
      ],
      [
        0.06103726457519804,
        0.2789660610815235,
        -0.9583592171507701
      ]
    ],
    [
      [
        0.9635282720429129,
        0.24066419011130893,
        0.11702143637840841
      ],
      [
        0.26747582291899474,
        -0.8524307960723464,
        -0.4492420528637901
      ],
      [
        -0.008363798646829748,
        0.4641578239193363,
        -0.8857130242729084
      ]
    ],
    [
      [
        0.9507856932377153,
        0.29575572111505033,
        -0.09238570756449867
      ],
      [
        0.21687504715716255,
        -0.848169997129836,
        -0.4832937718296735
      ],
      [
        -0.22129568331771643,
        0.43947264920184803,
        -0.8705699346683495
      ]
    ],
    [
      [
        0.9841524489457726,
        0.011967235864153953,
        0.1769201585456272
      ],
      [
        0.0659499438025393,
        -0.9508517788338111,
        -0.3025417319991064
      ],
      [
        0.16460425919908656,
        0.30941506096883664,
        -0.9365723452564522
      ]
    ],
    [
      [
        0.9974434884097623,
        -0.007328322727996212,
        0.07108293124906204
      ],
      [
        0.018580647861651617,
        -0.9339164442613723,
        -0.3570081717037248
      ],
      [
        0.06900178949857638,
        0.3574162430894674,
        -0.931392711063279
      ]
    ],
    [
      [
        0.994160105088757,
        0.026363706192134826,
        -0.10464530780559059
      ],
      [
        -0.012760453213972792,
        -0.9341779966641106,
        -0.3565790815266692
      ],
      [
        -0.10715809014575622,
        0.35583201871732084,
        -0.9283860824957849
      ]
    ],
    [
      [
        0.9775152579402252,
        0.0052503451911094234,
        0.2107993225070423
      ],
      [
        0.059251054334780076,
        -0.9662520138721195,
        -0.25069175943435085
      ],
      [
        0.2023690516217111,
        0.25754510199855807,
        -0.9448371750636623
      ]
    ],
    [
      [
        0.9997901388564436,
        -0.003244268572991297,
        0.020227529924325
      ],
      [
        0.006259097343251091,
        -0.8917916464211187,
        -0.4524030095765922
      ],
      [
        0.019506459080542257,
        0.45243467384246394,
        -0.8915841878135807
      ]
    ],
    [
      [
        0.9935628512030449,
        0.04522300928828386,
        -0.10386404642699522
      ],
      [
        -0.007086877239452782,
        -0.8902516854028645,
        -0.45541378197014654
      ],
      [
        -0.11306032407644227,
        0.4532182874380413,
        -0.8842005129219609
      ]
    ],
    [
      [
        0.9575994851584274,
        -0.2505400885144825,
        0.14224236384238031
      ],
      [
        -0.19775811719170697,
        -0.9306495845918072,
        -0.30786860473891703
      ],
      [
        0.20951122430338648,
        0.26668523533606375,
        -0.9407358992536876
      ]
    ],
    [
      [
        0.9679156456144222,
        -0.24978153799820346,
        0.02735847674979599
      ],
      [
        -0.2286120838307592,
        -0.9205692564563327,
        -0.3166840052702264
      ],
      [
        0.10428719049516585,
        0.30026892503668584,
        -0.9481364640999407
      ]
    ],
    [
      [
        0.9598214210929247,
        -0.2342381624176127,
        -0.1545164162099883
      ],
      [
        -0.27287188485017694,
        -0.9075377338821244,
        -0.31924316130249386
      ],
      [
        -0.06545054674691426,
        0.3485796104870714,
        -0.9349911663129292
      ]
    ],
    [
      [
        0.9526401771084271,
        -0.24900153555042295,
        0.1745706970036961
      ],
      [
        -0.18757107500471135,
        -0.9329807456342112,
        -0.3071872720302852
      ],
      [
        0.23936120149347884,
        0.25989452393108037,
        -0.9355004284607439
      ]
    ],
    [
      [
        0.9672740533503406,
        -0.2533812956724665,
        0.013372535980298202
      ],
      [
        -0.2317836043774084,
        -0.9038106483070864,
        -0.35972582997130087
      ],
      [
        0.10323403729884473,
        0.3448539270619756,
        -0.9329622192419768
      ]
    ],
    [
      [
        0.9638522592197681,
        -0.2282900600277335,
        -0.1373771119564035
      ],
      [
        -0.2622815049075057,
        -0.9036827689403073,
        -0.3384757972201753
      ],
      [
        -0.046874668856456546,
        0.36227213750565057,
        -0.9308929389605899
      ]
    ],
    [
      [
        0.9601536403391694,
        0.25286648462425654,
        0.11901062094288792
      ],
      [
        0.27560210547308195,
        -0.9273408943314767,
        -0.2531449094082304
      ],
      [
        0.04635155231753695,
        0.27585758400716043,
        -0.9600802710937701
      ]
    ],
    [
      [
        0.9610369352103346,
        0.2572749550318235,
        0.10108217783022164
      ],
      [
        0.2745517639318482,
        -0.8459856001159767,
        -0.4570882773801156
      ],
      [
        -0.03208329913581298,
        0.4670310074393177,
        -0.8836587010870078
      ]
    ],
    [
      [
        0.948093798912126,
        0.2972488106852114,
        -0.11296589312974552
      ],
      [
        0.2095729565236481,
        -0.8512683488247935,
        -0.48106275493229245
      ],
      [
        -0.23915962108665179,
        0.4324180186293549,
        -0.8693775548093889
      ]
    ],
    [
      [
        0.9398864706113893,
        0.2742787778323685,
        0.2034319895995922
      ],
      [
        0.33553052241642617,
        -0.8525207053025176,
        -0.4007838763691202
      ],
      [
        0.0635034714690974,
        0.4449489847850879,
        -0.8933015784437489
      ]
    ],
    [
      [
        0.9486545345920923,
        0.2630841886050765,
        0.1756168662283592
      ],
      [
        0.3150780615437327,
        -0.8349629314768642,
        -0.45117925284016025
      ],
      [
        0.027935445793912897,
        0.4833462659063066,
        -0.8749834273303269
      ]
    ],
    [
      [
        0.9658871113993655,
        0.2569642724394899,
        0.03211620653553416
      ],
      [
        0.23727921869862967,
        -0.828498082154269,
        -0.5072371242727269
      ],
      [
        -0.10373360307227997,
        0.49755430915262067,
        -0.8612079011698052
      ]
    ],
    [
      [
        0.9532138735785987,
        0.27781157206620216,
        -0.11918071003056147
      ],
      [
        0.1542500183038707,
        -0.7860547811330415,
        -0.5986023829815095
      ],
      [
        -0.25998123599702144,
        0.552212469511502,
        -0.7921307628450428
      ]
    ],
    [
      [
        0.9511994723465315,
        0.25406248415801863,
        0.1751337144902074
      ],
      [
        0.3058431202284441,
        -0.8515969129250366,
        -0.42572606650929573
      ],
      [
        0.040982308580781834,
        0.45851385152468876,
        -0.8877417971141076
      ]
    ],
    [
      [
        0.986334512214792,
        0.004597952708995864,
        0.164690888773164
      ],
      [
        0.08903739297228935,
        -0.8559417888486466,
        -0.5093486004253638
      ],
      [
        0.13862385316642645,
        0.5170517507304899,
        -0.844654316510505
      ]
    ],
    [
      [
        0.9989996958181256,
        -0.013401487287798514,
        0.04266155053168216
      ],
      [
        0.010657662965050833,
        -0.855185359794737,
        -0.5182127117438067
      ],
      [
        0.04342835450964819,
        0.518149013828282,
        -0.8541870857683129
      ]
    ],
    [
      [
        0.9880544675410078,
        0.0024175260423746486,
        -0.1540860952198153
      ],
      [
        -0.07784475839196729,
        -0.8551009779444342,
        -0.5125841502713174
      ],
      [
        -0.13299835624229267,
        0.5184558545202346,
        -0.844698149726008
      ]
    ],
    [
      [
        0.9885174144855227,
        -0.004915244711880706,
        0.1510270228412099
      ],
      [
        0.07567082122645864,
        -0.8490162688109989,
        -0.5229199767738492
      ],
      [
        0.13079467907285197,
        0.5283438422690966,
        -0.8388954262973173
      ]
    ],
    [
      [
        0.9994330651386564,
        -0.0002525840787571572,
        0.03366726167707129
      ],
      [
        0.018643394899887564,
        -0.8285150886226331,
        -0.5596562978750772
      ],
      [
        0.028035194562479517,
        0.5599666812640851,
        -0.8280406655110185
      ]
    ],
    [
      [
        0.9916075491033752,
        0.005132305100281252,
        -0.1291825375410845
      ],
      [
        -0.06778183031846302,
        -0.8302336747885167,
        -0.5532790152588786
      ],
      [
        -0.11009128957313181,
        0.5573918771309042,
        -0.8229181024066804
      ]
    ],
    [
      [
        0.9527855268529872,
        -0.2592659410435508,
        0.15805350876927013
      ],
      [
        -0.13762614648419658,
        -0.8327182691237227,
        -0.536320173097658
      ],
      [
        0.27066359863008205,
        0.4892458033365165,
        -0.8290836871475765
      ]
    ],
    [
      [
        0.9624455665733291,
        -0.2683785495667784,
        0.0408838050549985
      ],
      [
        -0.19591927944782656,
        -0.7909087158103469,
        -0.5797232436222237
      ],
      [
        0.18792064102697,
        0.5499421400362587,
        -0.8137871191462498
      ]
    ],
    [
      [
        0.9585399891444222,
        -0.24075594500675992,
        -0.1524390506232347
      ],
      [
        -0.28492232832958087,
        -0.8012817806497992,
        -0.5260862807733515
      ],
      [
        0.004511765758729511,
        0.5477080270934407,
        -0.8366573737361963
      ]
    ],
    [
      [
        0.9456437747100311,
        -0.26707853369968726,
        0.18554489534608531
      ],
      [
        -0.13150066168745625,
        -0.8358607169282596,
        -0.5329581952385546
      ],
      [
        0.29743138255390256,
        0.4795893229972922,
        -0.8255474873918962
      ]
    ],
    [
      [
        0.9633685191240855,
        -0.2681782345117812,
        0.0012372933407565068
      ],
      [
        -0.20561213306730441,
        -0.741560528420882,
        -0.638601310227011
      ],
      [
        0.17217649983717312,
        0.6149539960210734,
        -0.7695367669458905
      ]
    ],
    [
      [
        0.9572585955030739,
        -0.2372346326405235,
        -0.1654560679195502
      ],
      [
        -0.2889203395544901,
        -0.7577011612438046,
        -0.5851615056046563
      ],
      [
        0.013454320020019214,
        0.6079545043222444,
        -0.7938578600398771
      ]
    ],
    [
      [
        0.9549682675416473,
        0.25039331686786687,
        -0.1591816410784031
      ],
      [
        0.19058704641503457,
        -0.9288416006943626,
        -0.3176945995108001
      ],
      [
        -0.22740313482293728,
        0.27305030248553513,
        -0.9347359769396163
      ]
    ],
    [
      [
        0.9535908244759687,
        0.2527203180182007,
        0.16369783241088298
      ],
      [
        0.286633764186907,
        -0.9284067132210719,
        -0.23643616490311048
      ],
      [
        0.0922259437646839,
        0.27238468331906207,
        -0.9577582991495754
      ]
    ],
    [
      [
        0.9664562723093147,
        0.25318872066736353,
        0.043101571210420395
      ],
      [
        0.25467866334317035,
        -0.9230822690003216,
        -0.2881976805856596
      ],
      [
        -0.03318210589639084,
        0.2895075066108675,
        -0.9566004136860067
      ]
    ],
    [
      [
        0.957949137003713,
        0.2571456249787545,
        -0.12731684282972205
      ],
      [
        0.21106552547419977,
        -0.9320698593040702,
        -0.2944437490136117
      ],
      [
        -0.19438311364453015,
        0.25518993893015574,
        -0.9471500938070381
      ]
    ],
    [
      [
        0.9539001043653069,
        0.2587366211790731,
        0.1520853436485371
      ],
      [
        0.299875775206312,
        -0.8422922811502211,
        -0.4479042671812474
      ],
      [
        0.012211074329076824,
        0.47286263753398156,
        -0.8810515397456247
      ]
    ],
    [
      [
        0.9495460060630403,
        0.2425356371990482,
        0.19884377550775978
      ],
      [
        0.310036645076951,
        -0.8215675713410671,
        -0.4784391334644037
      ],
      [
        0.04732505762444897,
        0.5159488253782466,
        -0.8553111413466156
      ]
    ],
    [
      [
        0.966165248175447,
        0.24451899123021856,
        0.08206811893685509
      ],
      [
        0.24819590560359525,
        -0.7948429221026558,
        -0.5537359674293542
      ],
      [
        -0.07016769669647663,
        0.5553694194957693,
        -0.8286382215594713
      ]
    ],
    [
      [
        0.9541412339073929,
        0.24605605926665905,
        0.17050196906734238
      ],
      [
        0.2984691506850954,
        -0.8257592369955775,
        -0.47857898888877215
      ],
      [
        0.023036315829498735,
        0.5075215248781514,
        -0.8613310803276284
      ]
    ],
    [
      [
        0.9665715082743755,
        0.24854638669941104,
        0.06296199687800999
      ],
      [
        0.24028753801337466,
        -0.7924331052556277,
        -0.560635062023768
      ],
      [
        -0.08945064822387114,
        0.5570228607100342,
        -0.8256658610956004
      ]
    ],
    [
      [
        0.9573839148641021,
        0.25974038796049054,
        -0.12629715128069752
      ],
      [
        0.14817493701408133,
        -0.8170778157278946,
        -0.5571606869532394
      ],
      [
        -0.24791173348665563,
        0.5147026072475896,
        -0.82074417359624
      ]
    ],
    [
      [
        0.951437209581324,
        0.24962370232756842,
        0.1801533887007963
      ],
      [
        0.3057338623602373,
        -0.8346007172444254,
        -0.4582231423459338
      ],
      [
        0.03597279013913396,
        0.4910495392639809,
        -0.8703885961788779
      ]
    ],
    [
      [
        0.9671606711373661,
        0.24631403256478135,
        0.06268678941208765
      ],
      [
        0.23859440981285474,
        -0.7948599579404957,
        -0.5579160822819941
      ],
      [
        -0.08759534126410563,
        0.5545512101010232,
        -0.8275264416103667
      ]
    ],
    [
      [
        0.9843669920079625,
        -0.009897581925275366,
        0.17585125224810996
      ],
      [
        0.08157544075343576,
        -0.8592562598155428,
        -0.5049991360722187
      ],
      [
        0.1560995596120586,
        0.5114496239512129,
        -0.8450161002306905
      ]
    ],
    [
      [
        0.9975645634876072,
        -0.02127045007479979,
        0.06642672374425267
      ],
      [
        0.017147084437747147,
        -0.8483509885568978,
        -0.5291564775279793
      ],
      [
        0.06760857319204851,
        0.529006775162804,
        -0.8459201573805804
      ]
    ],
    [
      [
        0.9929253878434371,
        0.0005777187476630127,
        -0.11873853804476858
      ],
      [
        -0.06516738386693807,
        -0.8332763724271857,
        -0.5490024583137396
      ],
      [
        -0.09925918726193306,
        0.5528563587367328,
        -0.8273436168536394
      ]
    ],
    [
      [
        0.9829790038599665,
        -0.003528385541706938,
        0.1836840452133423
      ],
      [
        0.08664080194288276,
        -0.8727485484374548,
        -0.4804199648630455
      ],
      [
        0.16200509068903446,
        0.48815727147691323,
        -0.8575877966103838
      ]
    ],
    [
      [
        0.9979000201838322,
        -0.015556333819811854,
        0.0628772629429247
      ],
      [
        0.021802586238890087,
        -0.833417146320639,
        -0.5522141862104397
      ],
      [
        0.06099341727107011,
        0.5524254345129749,
        -0.8313278188252501
      ]
    ],
    [
      [
        0.9942424683771028,
        0.0005570231408802903,
        -0.1071522458963222
      ],
      [
        -0.06289681133092373,
        -0.8065585278383927,
        -0.5877987175007843
      ],
      [
        -0.08675197519254278,
        0.5911539823907009,
        -0.8018797066292469
      ]
    ],
    [
      [
        0.950535615332952,
        -0.2594481311812334,
        0.17078849847156427
      ],
      [
        -0.14110229697170326,
        -0.8504996574552649,
        -0.506695642824947
      ],
      [
        0.2767167970559707,
        0.4575336052084507,
        -0.8450389424943932
      ]
    ],
    [
      [
        0.9594449065492816,
        -0.2789144589480322,
        0.0408924918092118
      ],
      [
        -0.2084998653730073,
        -0.7997597026082208,
        -0.5629495752049627
      ],
      [
        0.18971894327156108,
        0.5315930235374957,
        -0.8254790002720757
      ]
    ],
    [
      [
        0.9546011363354497,
        -0.2565823795163532,
        -0.15133457314439167
      ],
      [
        -0.2975099523979887,
        -0.7956435988516092,
        -0.5276732813309827
      ],
      [
        0.014983281723829706,
        0.548741055624769,
        -0.8358580950978453
      ]
    ],
    [
      [
        0.957351091548851,
        -0.27829726676650435,
        0.07764997630725343
      ],
      [
        -0.1892811897130562,
        -0.80715301099476,
        -0.5591749708838039
      ],
      [
        0.21829227822127364,
        0.520629088845779,
        -0.8254052538702308
      ]
    ],
    [
      [
        0.9600794352272277,
        -0.25216692860916173,
        -0.12107567125392826
      ],
      [
        -0.2710381270207242,
        -0.7315564239157071,
        -0.6255905468665267
      ],
      [
        0.06917956168454034,
        0.6334327420835492,
        -0.7706991303366384
      ]
    ],
    [
      [
        0.9582593054210905,
        0.23017607522141456,
        0.1695820685377898
      ],
      [
        0.2660365133900464,
        -0.9351187321128762,
        -0.23404600059576863
      ],
      [
        0.104707579081734,
        0.26939178021475074,
        -0.9573214672384454
      ]
    ],
    [
      [
        0.9658691026931291,
        0.23727219691611903,
        0.1039171835326979
      ],
      [
        0.2577667973972374,
        -0.9200013679038612,
        -0.2952181586803153
      ],
      [
        0.02555688991918882,
        0.31192849761703834,
        -0.9497617900042283
      ]
    ],
    [
      [
        0.9675693603029957,
        0.24673999981132197,
        -0.05411936341052724
      ],
      [
        0.2116054870534355,
        -0.9087126634621926,
        -0.35981163559885937
      ],
      [
        -0.13795887376943256,
        0.3366907598324564,
        -0.9314540683209843
      ]
    ],
    [
      [
        0.9528886642301092,
        0.24400991433895508,
        0.18017312587079776
      ],
      [
        0.28178655363278643,
        -0.9319611864295329,
        -0.22813304271984422
      ],
      [
        0.1122476359373119,
        0.2681557545404411,
        -0.9568139628649508
      ]
    ],
    [
      [
        0.964623537323992,
        0.2358072431862721,
        0.11788288807727106
      ],
      [
        0.2617121538931877,
        -0.9103900467519344,
        -0.32046327602332064
      ],
      [
        0.03175184632641921,
        0.3399778034459027,
        -0.9398972887602999
      ]
    ],
    [
      [
        0.9653437148665616,
        0.255671524133521,
        -0.05237923171323055
      ],
      [
        0.21832269584055858,
        -0.9010845606573572,
        -0.3746756130652868
      ],
      [
        -0.14299200204394952,
        0.3502551731126607,
        -0.9256752135923718
      ]
    ],
    [
      [
        0.987540788164735,
        0.013677123986047372,
        0.15676775175540883
      ],
      [
        0.05219917143239469,
        -0.9682822542310051,
        -0.2443454985120346
      ],
      [
        0.1484534883818722,
        0.24948429293403127,
        -0.9569321550488623
      ]
    ],
    [
      [
        0.9958704990890634,
        -0.02798196336368109,
        0.08636526367940867
      ],
      [
        0.0008036894024224511,
        -0.9485599645329161,
        -0.3165965062483434
      ],
      [
        0.09078162329152642,
        0.315358531534548,
        -0.944620396487885
      ]
    ],
    [
      [
        0.9976567589502758,
        -0.005878908398894982,
        -0.06816472516535353
      ],
      [
        -0.026374618257721263,
        -0.9523443554873426,
        -0.3038825563982859
      ],
      [
        -0.06312979354148289,
        0.3049683049227171,
        -0.9502678370648848
      ]
    ],
    [
      [
        0.9997385168177993,
        0.004397976914011795,
        0.02244004879696659
      ],
      [
        0.00972193874013742,
        -0.9699713952228772,
        -0.24302464145949892
      ],
      [
        0.020697388677788264,
        0.24317925538262675,
        -0.9697605208779494
      ]
    ],
    [
      [
        0.9949835868733892,
        0.0005935972379871417,
        -0.10003654079826933
      ],
      [
        -0.030097333603608792,
        -0.9518758814979214,
        -0.3050023880767303
      ],
      [
        -0.09540341902949721,
        0.3064832032344911,
        -0.9470830131369731
      ]
    ],
    [
      [
        0.9595042850843896,
        0.23664119423736704,
        0.15281515662592604
      ],
      [
        0.2810431765714082,
        -0.8410390468372162,
        -0.4622424197299498
      ],
      [
        0.019137915438883088,
        0.4864712395250716,
        -0.8734869622997212
      ]
    ],
    [
      [
        0.9667323198837084,
        0.2231069111217859,
        0.1251076652406224
      ],
      [
        0.25365503747457735,
        -0.7731070726997519,
        -0.5813472078761465
      ],
      [
        -0.03298095899204368,
        0.5937413244429902,
        -0.8039797858109674
      ]
    ],
    [
      [
        0.9625966566981956,
        0.2596196900828752,
        -0.07749382578456508
      ],
      [
        0.16764899414622753,
        -0.7954331575759264,
        -0.5823915406241318
      ],
      [
        -0.21284146982018065,
        0.5476163879487752,
        -0.8092062780124248
      ]
    ],
    [
      [
        0.9500615995093346,
        0.23674678805944735,
        0.20330744079177104
      ],
      [
        0.30713463785518086,
        -0.8247061275672818,
        -0.4748980073474148
      ],
      [
        0.05523831430566363,
        0.513625117665125,
        -0.8562347616957368
      ]
    ],
    [
      [
        0.9635962472519712,
        0.2311307737869468,
        0.13439061608075603
      ],
      [
        0.2667979671501434,
        -0.7986362233476492,
        -0.5394432569618002
      ],
      [
        -0.01735272331563282,
        0.5556606411881726,
        -0.8312280883294789
      ]
    ],
    [
      [
        0.9838208107284767,
        -0.001600995366878695,
        0.179148120814587
      ],
      [
        0.08774520190816329,
        -0.8675098883656069,
        -0.4896196208588742
      ],
      [
        0.15619664503329858,
        0.4974173603742911,
        -0.853333802025101
      ]
    ],
    [
      [
        0.9977407006785028,
        -0.01545378923815822,
        0.06538099576905065
      ],
      [
        0.023333324791233852,
        -0.832892429223629,
        -0.5529428155751268
      ],
      [
        0.06300039812379621,
        0.5532191082565248,
        -0.8306500876398548
      ]
    ],
    [
      [
        0.9925929094932366,
        -0.008987426556078308,
        -0.12115503368680111
      ],
      [
        -0.0718186450772905,
        -0.8477539683667095,
        -0.5255047966838726
      ],
      [
        -0.09798672483052484,
        0.5303135254567766,
        -0.8421200427935389
      ]
    ],
    [
      [
        0.9896351141763984,
        -0.0023297031242546368,
        0.14358590903156157
      ],
      [
        0.07179878086615567,
        -0.8578989685207026,
        -0.5087772546775733
      ],
      [
        0.12436750321205615,
        0.5138131297412196,
        -0.8488396738196983
      ]
    ],
    [
      [
        0.9786328175213252,
        -0.017976503132036005,
        0.2048283520546324
      ],
      [
        0.0988038222233884,
        -0.8325083600616853,
        -0.5451308422218032
      ],
      [
        0.18032086175570922,
        0.5537207561240117,
        -0.812943854797569
      ]
    ],
    [
      [
        0.9861914483996571,
        -0.0005158831361104094,
        0.16560845681298056
      ],
      [
        0.07558474218119515,
        -0.8883662078985244,
        -0.45287131440774453
      ],
      [
        0.14735458544880517,
        0.45913529000566466,
        -0.8760601643829179
      ]
    ],
    [
      [
        0.982138926998058,
        -0.013006074069917634,
        0.18770713921529797
      ],
      [
        0.0899068806365409,
        -0.8439127231490131,
        -0.5288932487009302
      ],
      [
        0.16528726777737668,
        0.5363228111357049,
        -0.8276702008446267
      ]
    ],
    [
      [
        0.9838958591492715,
        -0.004609646292372059,
        0.17868320992744546
      ],
      [
        0.08934513779988348,
        -0.8531386520024639,
        -0.5139765430551657
      ],
      [
        0.15481080291903454,
        0.5216638684253281,
        -0.838987737502215
      ]
    ],
    [
      [
        0.9875834234452733,
        0.0038651892383991457,
        0.15704789730609295
      ],
      [
        0.07859355664416509,
        -0.8777511697684989,
        -0.47262663575390274
      ],
      [
        0.13602218418380937,
        0.4791011837620349,
        -0.8671562841424161
      ]
    ],
    [
      [
        0.9822861044650552,
        -0.012143101307227809,
        0.18699345995384264
      ],
      [
        0.09019781157583087,
        -0.8440496737115358,
        -0.5286251063791624
      ],
      [
        0.1642509170805383,
        0.5361274973344422,
        -0.8280029848014497
      ]
    ]
  ]
}