{
  "rotations": [
    [
      [
        0.968243799516875,
        0.24801776184869645,
        0.031482288746034794
      ],
      [
        0.2299756886885767,
        -0.8341824315345331,
        -0.5012492927988517
      ],
      [
        -0.09805675555177357,
        0.49257168080056873,
        -0.8647300225873752
      ]
    ],
    [
      [
        0.9628672180544535,
        0.2598183674118898,
        -0.07335622912539254
      ],
      [
        0.17376861004444308,
        -0.8043789964326774,
        -0.5681363395006351
      ],
      [
        -0.206618466162391,
        0.5342928467173962,
        -0.8196584431257461
      ]
    ],
    [
      [
        0.9650450894057335,
        0.25766511846810053,
        0.047923502988619464
      ],
      [
        0.2417590365650237,
        -0.8045918149530897,
        -0.5423878497437461
      ],
      [
        -0.10119557131135751,
        0.5350146708598865,
        -0.8387602507937862
      ]
    ],
    [
      [
        0.9646135659092554,
        0.25893961333473764,
        -0.04970860197075873
      ],
      [
        0.18246542647208117,
        -0.791661593615099,
        -0.5830765724475332
      ],
      [
        -0.19033401326665783,
        0.5533734704888359,
        -0.8108950397881031
      ]
    ],
    [
      [
        0.9663214049118016,
        -0.24939671445883677,
        0.06343674980971063
      ],
      [
        -0.17968002159868052,
        -0.8303604068692642,
        -0.5274624958631731
      ],
      [
        0.18422277885098814,
        0.4982999834648277,
        -0.8472066419896461
      ]
    ],
    [
      [
        0.9638435522324915,
        -0.25319473514162455,
        -0.08305439733339903
      ],
      [
        -0.2544086440818983,
        -0.7816731920759548,
        -0.5694411845012595
      ],
      [
        0.07925811400898675,
        0.5699819706678011,
        -0.8178255953914553
      ]
    ],
    [
      [
        0.9640603572531926,
        -0.25601207352409344,
        0.07103130142929794
      ],
      [
        -0.18744650212793268,
        -0.844879522998962,
        -0.5010413161177921
      ],
      [
        0.1882855183301375,
        0.469719501220612,
        -0.8625034224628971
      ]
    ],
    [
      [
        0.9629575689163121,
        -0.2554374777238701,
        -0.08639684855857645
      ],
      [
        -0.2542248648709046,
        -0.7531803683003109,
        -0.6067034291055049
      ],
      [
        0.08990238343979819,
        0.6061938862947032,
        -0.7902192946712755
      ]
    ],
    [
      [
        0.9686611016075111,
        0.23493038750344158,
        0.08064355684124237
      ],
      [
        0.2428975103703308,
        -0.8280655872552419,
        -0.5052803010800306
      ],
      [
        -0.0519275426764924,
        0.5090334922489033,
        -0.8591789301888559
      ]
    ],
    [
      [
        0.9651796212518815,
        0.25737071600695116,
        -0.04678261709378738
      ],
      [
        0.1910670584484145,
        -0.8157626807803172,
        -0.5459163194318158
      ],
      [
        -0.178666387146393,
        0.5179686893897927,
        -0.8365325809051766
      ]
    ],
    [
      [
        0.965203798690754,
        0.2593974521537122,
        0.033084570559418804
      ],
      [
        0.24272073192356508,
        -0.8416154691089771,
        -0.48246248398291575
      ],
      [
        -0.09730505273328521,
        0.47370493344764625,
        -0.8752915872667426
      ]
    ],
    [
      [
        0.9651738621753129,
        0.25685095798814345,
        -0.04966891537132648
      ],
      [
        0.18381729555311924,
        -0.8009286266046133,
        -0.5698460642496228
      ],
      [
        -0.18614676368158603,
        0.5408705209805957,
        -0.8202490243243516
      ]
    ],
    [
      [
        0.9684105391697692,
        -0.24289906104762937,
        0.05640100856453763
      ],
      [
        -0.18202750386607702,
        -0.8431853540514445,
        -0.5058699897695311
      ],
      [
        0.17043184990254118,
        0.4796232947379852,
        -0.8607638931109259
      ]
    ],
    [
      [
        0.9611918787107574,
        -0.2637469696267852,
        -0.08091791095407783
      ],
      [
        -0.2638719874381034,
        -0.7933226679528335,
        -0.5486444374616986
      ],
      [
        0.08050929477985647,
        0.5487045475708088,
        -0.8321307426896114
      ]
    ],
    [
      [
        0.9679187909424493,
        -0.2504064404337545,
        0.020732311250897098
      ],
      [
        -0.20519915213577988,
        -0.8353930509185014,
        -0.5099134813277987
      ],
      [
        0.14500524853695668,
        0.4893005876415588,
        -0.8599758210731048
      ]
    ],
    [
      [
        0.9657113385836882,
        -0.246246426527854,
        -0.0822454129612316
      ],
      [
        -0.2455575742868638,
        -0.7635231627243704,
        -0.5972720131512324
      ],
      [
        0.08427982107985692,
        0.5969883394218323,
        -0.7978106506891911
      ]
    ],
    [
      [
        0.967528374763713,
        0.24535766543775836,
        0.0607326933209855
      ],
      [
        0.24263267562353127,
        -0.8342054507088666,
        -0.49520768443894614
      ],
      [
        -0.0708394575561819,
        0.49386322197400934,
        -0.866649230793287
      ]
    ],
    [
      [
        0.9695124111927381,
        0.2432134330537911,
        -0.02988160848133499
      ],
      [
        0.18923903921688554,
        -0.8206093180299551,
        -0.5392484892873434
      ],
      [
        -0.15567360270615171,
        0.5171533362017507,
        -0.8416163949661901
      ]
    ],
    [
      [
        0.9639275008483464,
        0.25915218158488845,
        0.06069530367379344
      ],
      [
        0.25851164259468545,
        -0.8572536088932924,
        -0.445295385875964
      ],
      [
        -0.0633680025822071,
        0.44492291109721366,
        -0.8933241849572429
      ]
    ],
    [
      [
        0.965848600596856,
        0.25514884071992133,
        -0.045117067772350236
      ],
      [
        0.17934196151004347,
        -0.7839780980347452,
        -0.5943187719091106
      ],
      [
        -0.1870105386517688,
        0.5659305707249819,
        -0.8029630424571679
      ]
    ],
    [
      [
        0.9683213212067225,
        -0.24462209989208641,
        0.05013828019441856
      ],
      [
        -0.1813619582122802,
        -0.8269846061708117,
        -0.5321694291012163
      ],
      [
        0.1716439891457754,
        0.5062178280156612,
        -0.8451519695233701
      ]
    ],
    [
      [
        0.9632800113686795,
        -0.25526053339591187,
        -0.08326872034558233
      ],
      [
        -0.26026190956386513,
        -0.8114644386193055,
        -0.5232487011798747
      ],
      [
        0.06599513715211702,
        0.5257066909852773,
        -0.8481020675163947
      ]
    ],
    [
      [
        0.9640603572531926,
        -0.25601207352409344,
        0.07103130142929794
      ],
      [
        -0.18744650212793268,
        -0.844879522998962,
        -0.5010413161177921
      ],
      [
        0.1882855183301375,
        0.469719501220612,
        -0.8625034224628971
      ]
    ],
    [
      [
        0.9632025301741995,
        -0.26101383811938633,
        -0.06413004113679828
      ],
      [
        -0.25477269224682814,
        -0.8106353542200111,
        -0.5272202554662522
      ],
      [
        0.08562570380045749,
        0.5241584672585038,
        -0.8473052224847268
      ]
    ],
    [
      [
        0.9686194908723041,
        0.24531870599697606,
        0.03993763125483879
      ],
      [
        0.2306395121692146,
        -0.8272584506605546,
        -0.5122976393045799
      ],
      [
        -0.09263745100457463,
        0.5054326743480955,
        -0.8578788459757631
      ]
    ],
    [
      [
        0.9616983390791135,
        0.2612420837500667,
        -0.08299926680637935
      ],
      [
        0.17179230120464706,
        -0.8103782160789553,
        -0.5601558284544593
      ],
      [
        -0.21359707362060282,
        0.5244422948071722,
        -0.8242187631679478
      ]
    ],
    [
      [
        0.9637284207736315,
        0.256566686369231,
        0.07349194812137397
      ],
      [
        0.2622115547568972,
        -0.8589397810036139,
        -0.43984946647851525
      ],
      [
        -0.049725562290764906,
        0.4431658696864826,
        -0.8950594284179632
      ]
    ],
    [
      [
        0.9624632154764644,
        0.26614671497885745,
        -0.0532023022121081
      ],
      [
        0.18998681049272223,
        -0.8006357004017174,
        -0.568231895515426
      ],
      [
        -0.19382871483221498,
        0.5367945615859147,
        -0.8211467761358365
      ]
    ],
    [
      [
        0.9680660333432201,
        -0.2468405306334108,
        0.0437939210820357
      ],
      [
        -0.18712554842950194,
        -0.827729399897528,
        -0.5290066820657715
      ],
      [
        0.1668298061261282,
        0.5039184388191151,
        -0.8474868865097702
      ]
    ],
    [
      [
        0.9650312637156623,
        -0.24544040846646256,
        -0.09205251731032679
      ],
      [
        -0.2532669000299045,
        -0.7824375136003234,
        -0.568900179873575
      ],
      [
        0.06760574975987144,
        0.5723203152105992,
        -0.8172385939226353
      ]
    ],
    [
      [
        0.9663331796268642,
        -0.2547519160048408,
        0.036078348688607494
      ],
      [
        -0.20172540764547087,
        -0.8371856330466994,
        -0.5083572323971263
      ],
      [
        0.15970925415423748,
        0.4839645411722431,
        -0.8603901888244876
      ]
    ],
    [
      [
        0.9642148338483444,
        -0.24743332371093749,
        -0.095218194186649
      ],
      [
        -0.25651546204748776,
        -0.7799023792927872,
        -0.5709221457466973
      ],
      [
        0.06700426790415547,
        0.5749165409786081,
        -0.8154639164253806
      ]
    ],
    [
      [
        0.973479723205195,
        0.2242240594704983,
        0.045396031356353436
      ],
      [
        0.21528616571292,
        -0.8307466571998858,
        -0.5133340612153499
      ],
      [
        -0.07738924577075124,
        0.5094934373530102,
        -0.8569873639285753
      ]
    ],
    [
      [
        0.964813285947543,
        0.24783859298162475,
        0.08781432165650588
      ],
      [
        0.25778256652673354,
        -0.8257929868904968,
        -0.501611494283536
      ],
      [
        -0.051802235994153074,
        0.5065984352831739,
        -0.8606245137774347
      ]
    ],
    [
      [
        0.9689635982126857,
        0.24708888175596094,
        -0.00752528081296068
      ],
      [
        0.1955679772131158,
        -0.784832627142451,
        -0.5880398912161052
      ],
      [
        -0.15120420505890497,
        0.5683175449388022,
        -0.8087969191875283
      ]
    ],
    [
      [
        0.9719224291001721,
        -0.22961643826548198,
        0.05141092384206439
      ],
      [
        -0.16707788914014352,
        -0.8272959857331776,
        -0.536345346721908
      ],
      [
        0.16568575911192351,
        0.5126964435882543,
        -0.8424313538558864
      ]
    ],
    [
      [
        0.9649995252590181,
        -0.25365501486311565,
        0.06659616869356519
      ],
      [
        -0.18658699367412263,
        -0.842517581985469,
        -0.5053211036925052
      ],
      [
        0.18428567508496732,
        0.47520864625988357,
        -0.8603577932920272
      ]
    ],
    [
      [
        0.9638300183707832,
        -0.2571980558008454,
        -0.06986312174274352
      ],
      [
        -0.24572774391481444,
        -0.7560720813848728,
        -0.6066076850987643
      ],
      [
        0.10319676137317278,
        0.6018340035612906,
        -0.7919256660820364
      ]
    ],
    [
      [
        0.9681316217114477,
        0.23996266795359922,
        0.07168738404317618
      ],
      [
        0.24371699672243058,
        -0.8368252501350559,
        -0.49023007480671754
      ],
      [
        -0.05764710357825373,
        0.49207867127624194,
        -0.8686399672614922
      ]
    ],
    [
      [
        0.9647226963780655,
        0.26114472879683776,
        -0.03336989233818406
      ],
      [
        0.19288020346253212,
        -0.7873617236431493,
        -0.5855414103664586
      ],
      [
        -0.17918522875864562,
        0.5584486966260332,
        -0.8099553734814016
      ]
    ],
    [
      [
        0.965482150081412,
        0.25705330685688454,
        0.042045395801618035
      ],
      [
        0.2453690849796759,
        -0.843419738388227,
        -0.47795099856927925
      ],
      [
        -0.08739696797035315,
        0.4717697980276768,
        -0.8773796371346408
      ]
    ],
    [
      [
        0.9667731174267571,
        0.2510346524651903,
        -0.0482839795649785
      ],
      [
        0.18181477087841963,
        -0.8079916453549831,
        -0.5604399076858955
      ],
      [
        -0.17970288954654545,
        0.5330394960021521,
        -0.8267864096551139
      ]
    ],
    [
      [
        0.9668405127902453,
        -0.24508489471578143,
        0.07178312621814184
      ],
      [
        -0.17723561238157787,
        -0.8463111257628636,
        -0.5023395426538921
      ],
      [
        0.1838666922833563,
        0.4729596946803699,
        -0.861685654213083
      ]
    ],
    [
      [
        0.9616646785244433,
        -0.26391809864530136,
        -0.07448679940720206
      ],
      [
        -0.261658697520479,
        -0.8017960562105199,
        -0.5372688435570625
      ],
      [
        0.08207174964850107,
        0.5361625886358594,
        -0.8401154125814666
      ]
    ],
    [
      [
        0.9637669129222077,
        -0.2584355254201478,
        0.0660637325407056
      ],
      [
        -0.19636694882260117,
        -0.8550032414951959,
        -0.48000987327638345
      ],
      [
        0.18053630927461564,
        0.4496449001529095,
        -0.874772030188426
      ]
    ],
    [
      [
        0.9622685235796636,
        -0.2715883414229208,
        -0.01670512888190674
      ],
      [
        -0.2241673323072299,
        -0.7564576626418199,
        -0.6144272225062416
      ],
      [
        0.15423454753742455,
        0.5949887204255401,
        -0.7887966321633887
      ]
    ],
    [
      [
        0.9745758632128032,
        0.21999301051807027,
        0.042484846312732596
      ],
      [
        0.21162133278404774,
        -0.8414886306902675,
        -0.4971049144091437
      ],
      [
        -0.07360909151540736,
        0.4934571508674436,
        -0.8666497227277359
      ]
    ],
    [
      [
        0.9648518861728475,
        0.2509374619599454,
        0.07804631915599569
      ],
      [
        0.2560864555444342,
        -0.8311304193556273,
        -0.4936010061866038
      ],
      [
        -0.05899631374405581,
        0.4962384670769086,
        -0.8661794379675454
      ]
    ],
    [
      [
        0.965393396494369,
        0.2606897933457961,
        -0.007511434642773665
      ],
      [
        0.20816759418205777,
        -0.787602451185069,
        -0.5799557152229169
      ],
      [
        -0.15710455988774058,
        0.5583217804569307,
        -0.8146133725454562
      ]
    ],
    [
      [
        0.9721485517181463,
        -0.22501631089152246,
        0.06553512970217859
      ],
      [
        -0.16393593495808562,
        -0.8527144277164314,
        -0.495987009904148
      ],
      [
        0.1674879178380637,
        0.4714294905890051,
        -0.8658533552405172
      ]
    ],
    [
      [
        0.9646067279998553,
        -0.2579227366736476,
        0.054860935137755126
      ],
      [
        -0.191577417683768,
        -0.8284293372758116,
        -0.5263106745776476
      ],
      [
        0.1811958976661222,
        0.49717270143033354,
        -0.8485206842625773
      ]
    ],
    [
      [
        0.9635687491180103,
        -0.2618450510395902,
        -0.05452004190412202
      ],
      [
        -0.22859894668656316,
        -0.7004518993793466,
        -0.6760988524096603
      ],
      [
        0.13884447161103203,
        0.6639309496490882,
        -0.7347910633650312
      ]
    ],
    [
      [
        0.9700752132585388,
        0.23474533311198276,
        0.0620379658237144
      ],
      [
        0.23481682782875396,
        -0.8420239684238487,
        -0.4856507942629093
      ],
      [
        -0.061766803299518544,
        0.4856853561534438,
        -0.8719487352065263
      ]
    ],
    [
      [
        0.9655125645234255,
        0.2570735065139283,
        -0.04121528837738042
      ],
      [
        0.19181237292360953,
        -0.8093951894472742,
        -0.5550562502062518
      ],
      [
        -0.1760497126973274,
        0.5280081813269982,
        -0.8307911043763914
      ]
    ],
    [
      [
        0.9634985461166246,
        0.2629196815716431,
        0.05043602555135372
      ],
      [
        0.2510754992760286,
        -0.8220571451072578,
        -0.5110608024896822
      ],
      [
        -0.09290664827903307,
        0.5050695904728087,
        -0.8580635544557206
      ]
    ],
    [
      [
        0.9651821635660174,
        0.25681850608014345,
        -0.04967540708223182
      ],
      [
        0.18333404060109112,
        -0.7996191462604105,
        -0.5718372587464458
      ],
      [
        -0.18657979711345923,
        0.5428199295056653,
        -0.8188617120372431
      ]
    ],
    [
      [
        0.965563907612692,
        -0.2511750324211335,
        0.06780444973563333
      ],
      [
        -0.18716766151180583,
        -0.8516578116313679,
        -0.4895377803310707
      ],
      [
        0.18070585712674497,
        0.45998921180339886,
        -0.8693418879960728
      ]
    ],
    [
      [
        0.9621017241688289,
        -0.2669212462115069,
        -0.05579713856697801
      ],
      [
        -0.2511240899612941,
        -0.7875105620241883,
        -0.5628177379413861
      ],
      [
        0.10628717604903373,
        0.5554999217112844,
        -0.8246956245708345
      ]
    ],
    [
      [
        0.9625052434152602,
        -0.26374556821554485,
        0.06341870106514345
      ],
      [
        -0.19041297756968412,
        -0.8234181092547675,
        -0.5345329880599988
      ],
      [
        0.1932008135882911,
        0.5024150600827598,
        -0.8427648266455234
      ]
    ],
    [
      [
        0.961701233610822,
        -0.27050422274533104,
        -0.04425158469893826
      ],
      [
        -0.23255245145074546,
        -0.7197703088855758,
        -0.6541024841498551
      ],
      [
        0.14508650728331576,
        0.6393419804171372,
        -0.755110414098906
      ]
    ],
    [
      [
        0.9681804129777166,
        0.23967310590047924,
        0.07199645987349491
      ],
      [
        0.24356387452877748,
        -0.8363886865028433,
        -0.49105051075686545
      ],
      [
        -0.057474576560667553,
        0.4929612230166448,
        -0.8681508542016794
      ]
    ],
    [
      [
        0.9697544796671024,
        0.2440285002138002,
        -0.005132275225483207
      ],
      [
        0.19658174607840986,
        -0.7933220825499204,
        -0.5761906719545369
      ],
      [
        -0.14467849278434713,
        0.5577545736451297,
        -0.8172991920365449
      ]
    ],
    [
      [
        0.9656122859823653,
        0.25993319264477954,
        0.005258186132387051
      ],
      [
        0.23268102150203446,
        -0.8549983658938242,
        -0.4635054870782655
      ],
      [
        -0.11598472051387068,
        0.4487900730635453,
        -0.8860784473887947
      ]
    ],
    [
      [
        0.9710332040203444,
        0.23644084932989307,
        0.034499876204751964
      ],
      [
        0.21114364873597097,
        -0.7814705820284775,
        -0.5871303850274943
      ],
      [
        -0.11186096856564991,
        0.5774075286937568,
        -0.8087568667525015
      ]
    ],
    [
      [
        0.9647640243702819,
        -0.25051339541484613,
        0.0804575415892376
      ],
      [
        -0.17584590178050707,
        -0.8413527108099772,
        -0.5110810452753098
      ],
      [
        0.19572581870529807,
        0.4789244770633758,
        -0.8557585811206996
      ]
    ],
    [
      [
        0.9633084179213806,
        -0.2672048380427079,
        -0.02526789441915727
      ],
      [
        -0.2311049918969218,
        -0.7779064568786871,
        -0.5843389658980231
      ],
      [
        0.13648214052443325,
        0.5687381813040318,
        -0.8111162101973128
      ]
    ],
    [
      [
        0.9606296968937785,
        -0.27015488679692373,
        0.06486079390131304
      ],
      [
        -0.19591060251483483,
        -0.824195906165922,
        -0.5313380694827062
      ],
      [
        0.19700157681613029,
        0.4977122114225007,
        -0.844673270165975
      ]
    ],
    [
      [
        0.9633356824183836,
        -0.26713776013985563,
        -0.024935518582290178
      ],
      [
        -0.220652465368081,
        -0.7359578499759442,
        -0.6400613506420877
      ],
      [
        0.15263306491876058,
        0.6220960216608419,
        -0.7679190630055089
      ]
    ],
    [
      [
        0.9688416993798235,
        0.2421100263619596,
        0.05223501390664102
      ],
      [
        0.23668926836496945,
        -0.8428939937991536,
        -0.48322655707045725
      ],
      [
        -0.0729654149832044,
        0.4805335059621999,
        -0.8739356943528541
      ]
    ],
    [
      [
        0.9687923938629573,
        0.24786922394231656,
        0.0014647236989809437
      ],
      [
        0.20029683395437273,
        -0.7793481480770857,
        -0.5937151188884034
      ],
      [
        -0.1460221760594434,
        0.5754800708200506,
        -0.8046739788186358
      ]
    ],
    [
      [
        0.9649938565999677,
        0.2548895805751213,
        0.0617912488833113
      ],
      [
        0.25055988847478666,
        -0.8263275231371532,
        -0.5043833530099104
      ],
      [
        -0.07750225165647141,
        0.5022092454547769,
        -0.8612660882491082
      ]
    ],
    [
      [
        0.9688267742814233,
        0.24689856060534382,
        0.020390738252022658
      ],
      [
        0.21084489143782265,
        -0.778532948785425,
        -0.5911267879313573
      ],
      [
        -0.1300734914962534,
        0.5769987421359604,
        -0.8063208656505758
      ]
    ],
    [
      [
        0.9671468576632436,
        -0.24524991519306377,
        0.06692857991851567
      ],
      [
        -0.17598523590208293,
        -0.8358875705260043,
        -0.5199241927287308
      ],
      [
        0.18345613224038695,
        0.4910646072951392,
        -0.8515864013742049
      ]
    ],
    [
      [
        0.9597554451872298,
        -0.28025512295388816,
        -0.018070735778137857
      ],
      [
        -0.24300456660836384,
        -0.7964872325385184,
        -0.5536757796857413
      ],
      [
        0.1407773633825535,
        0.5357846157377358,
        -0.8325362331441337
      ]
    ],
    [
      [
        0.9631433906235582,
        -0.2618053089490238,
        0.06174778784913503
      ],
      [
        -0.19448877464780415,
        -0.836371100476869,
        -0.5125012183625584
      ],
      [
        0.185819605085554,
        0.48160290955642826,
        -0.8564634912666339
      ]
    ],
    [
      [
        0.9618191326128255,
        -0.2718599644675152,
        -0.031561303199227654
      ],
      [
        -0.23102516862658423,
        -0.7446512141597011,
        -0.6261964074565912
      ],
      [
        0.14673557033306725,
        0.6095791408588423,
        -0.7790262790360959
      ]
    ],
    [
      [
        0.9708888521640637,
        0.22760100689302887,
        0.0746499725708293
      ],
      [
        0.2344790221590441,
        -0.8394138203571176,
        -0.49031013283513425
      ],
      [
        -0.04893286125789744,
        0.4935404946453208,
        -0.8683451820758652
      ]
    ],
    [
      [
        0.9695427404375209,
        0.24487852777276253,
        -0.004623970236262903
      ],
      [
        0.20016723131061653,
        -0.8031150567569835,
        -0.5611945162950803
      ],
      [
        -0.1411380670632258,
        0.5431765019273859,
        -0.8276710299264949
      ]
    ],
    [
      [
        0.9645891895729594,
        0.25490164796227766,
        0.06777053360492538
      ],
      [
        0.254399912847489,
        -0.8313023788038268,
        -0.4941832042252031
      ],
      [
        -0.06963030735370396,
        0.49392459430687785,
        -0.8667122448867414
      ]
    ],
    [
      [
        0.9685214135290539,
        0.24220938565722966,
        0.05745332919188398
      ],
      [
        0.22297475588288307,
        -0.741500013973486,
        -0.6328190796082944
      ],
      [
        -0.11067307610549326,
        0.6257094715415994,
        -0.7721652203048777
      ]
    ],
    [
      [
        0.965604070061689,
        -0.2528222308786102,
        0.06074289632429424
      ],
      [
        -0.1848758708561979,
        -0.8318319311553334,
        -0.5233321609509118
      ],
      [
        0.1828378851755393,
        0.49410176875209766,
        -0.8499610284363542
      ]
    ],
    [
      [
        0.9574324496723317,
        -0.2885137488812543,
        0.00910609800751
      ],
      [
        -0.22256514489229168,
        -0.757935573558326,
        -0.6131871024523302
      ],
      [
        0.183814745310356,
        0.5850585295859688,
        -0.7898852172089265
      ]
    ],
    [
      [
        0.9614247591579346,
        -0.27222165873718457,
        0.03946898773065094
      ],
      [
        -0.20813264597715245,
        -0.8137565675843881,
        -0.542661082437118
      ],
      [
        0.1798422479748732,
        0.5135130156360704,
        -0.8390239261282678
      ]
    ],
    [
      [
        0.9600144614202001,
        -0.2799504124943143,
        -2.0207596786225857e-05
      ],
      [
        -0.20781612379699055,
        -0.7126009981591119,
        -0.6700837829052656
      ],
      [
        0.1875758314764394,
        0.6432943214166441,
        -0.7422854730351536
      ]
    ],
    [
      [
        0.9696795689423736,
        0.23628170983910107,
        0.06238980021800936
      ],
      [
        0.23532666881551773,
        -0.8339695770911146,
        -0.49911532077332493
      ],
      [
        -0.06590062609660025,
        0.49866391295338214,
        -0.8642866477032362
      ]
    ],
    [
      [
        0.9687723877387213,
        0.2479151851551986,
        -0.0042569618837227235
      ],
      [
        0.20014065130171108,
        -0.7919891916683174,
        -0.5767987863866325
      ],
      [
        -0.14636864572558828,
        0.5579347464086001,
        -0.8168751669003217
      ]
    ],
    [
      [
        0.9644444404688356,
        0.26076600284810464,
        0.04298852180962413
      ],
      [
        0.25234121327352393,
        -0.8602445581251089,
        -0.4430611834721949
      ],
      [
        -0.07855465188262327,
        0.4381556709375771,
        -0.8954600910665095
      ]
    ],
    [
      [
        0.9710099052268584,
        0.23584643571941,
        0.038938704521045975
      ],
      [
        0.21174049535805695,
        -0.7730345264104572,
        -0.5979829291901941
      ],
      [
        -0.11093117946209613,
        0.588892247984137,
        -0.8005624233545676
      ]
    ],
    [
      [
        0.9654583635111673,
        -0.25295031013473246,
        0.06250031143187298
      ],
      [
        -0.18468020136198696,
        -0.8335380264282938,
        -0.5206799225271905
      ],
      [
        0.18380253412625847,
        0.49115221581579765,
        -0.8514611731300482
      ]
    ],
    [
      [
        0.9587304520847331,
        -0.2831264872296617,
        -0.025986774990300922
      ],
      [
        -0.24160191495924244,
        -0.7631009694789158,
        -0.5994209081007817
      ],
      [
        0.14988140289385912,
        0.5809615328137752,
        -0.8000120389451885
      ]
    ],
    [
      [
        0.9648945537124025,
        -0.25886707924524566,
        0.04434338168407136
      ],
      [
        -0.20236445499665437,
        -0.8404088168873708,
        -0.5027540629889298
      ],
      [
        0.16741304480252003,
        0.4761311329675948,
        -0.8632913857145478
      ]
    ],
    [
      [
        0.9598592011320543,
        -0.2799515396147321,
        -0.01724672344171234
      ],
      [
        -0.23056847664817406,
        -0.7525386556844846,
        -0.6168660707777087
      ],
      [
        0.15971378017652155,
        0.5960811246532889,
        -0.7868791528905795
      ]
    ]
  ]
}