{
  "rotations": [
    [
      [
        0.962839925300743,
        0.08845810766769005,
        -0.25517531509672164
      ],
      [
        -0.0852855369606455,
        0.9960795286141061,
        0.02349361320092637
      ],
      [
        0.256253108141529,
        -0.0008578250122986859,
        0.9666093361353667
      ]
    ],
    [
      [
        0.9630276329612182,
        -0.08603277959006624,
        -0.2552961789551904
      ],
      [
        0.08332257756825882,
        0.996292107042891,
        -0.021433280463301993
      ],
      [
        0.2561935327452569,
        -0.0006310943227062962,
        0.9666253025342659
      ]
    ],
    [
      [
        0.9627565025899982,
        0.0884135561126718,
        -0.25550530291206525
      ],
      [
        -0.08528290318522845,
        0.9960836283168192,
        0.023328776725320084
      ],
      [
        0.2565672292888819,
        -0.0006696974782099858,
        0.9665261550316753
      ]
    ],
    [
      [
        0.9630459095069483,
        -0.08592342484711961,
        -0.255264061795773
      ],
      [
        0.08322310376788651,
        0.9963015304156974,
        -0.021381662483983918
      ],
      [
        0.25615716109680486,
        -0.0006523449093829205,
        0.9666349276044938
      ]
    ],
    [
      [
        0.9614840322189344,
        0.08861882932592216,
        0.2601829334851199
      ],
      [
        -0.08578361867137518,
        0.9960651860977134,
        -0.022255691671383422
      ],
      [
        -0.2611314354030616,
        -0.0009209413828642123,
        0.9653028153441313
      ]
    ],
    [
      [
        0.961735675364843,
        -0.08598730981664936,
        0.26013587465212257
      ],
      [
        0.08279082250699064,
        0.9962958988164854,
        0.02324137926344807
      ],
      [
        -0.2611707687302414,
        -0.0008152005563180371,
        0.9652922692163797
      ]
    ],
    [
      [
        0.9614994839356619,
        0.0886017059365941,
        0.2601316591585526
      ],
      [
        -0.0857558165715926,
        0.9960667522442892,
        -0.022292711760873003
      ],
      [
        -0.261083669185944,
        -0.0008733719936590296,
        0.9653157798905835
      ]
    ],
    [
      [
        0.9617233261714424,
        -0.08601295294724894,
        0.26017304976309813
      ],
      [
        0.08282820519677804,
        0.9962937262274626,
        0.023201282371415236
      ],
      [
        -0.2612043880213685,
        -0.0007635477012308736,
        0.9652832147475113
      ]
    ],
    [
      [
        0.9627555718336551,
        0.0882877298123126,
        -0.25555231493343916
      ],
      [
        -0.0850983173794,
        0.9960945982707662,
        0.02353354361322753
      ],
      [
        0.2566320036208393,
        -0.0009099782353789426,
        0.9665087618108615
      ]
    ],
    [
      [
        0.9629769748236813,
        -0.0856711287728322,
        -0.25560869244652085
      ],
      [
        0.08303253241684047,
        0.9963230741602261,
        -0.021117065524427818
      ],
      [
        0.256477961080241,
        -0.0008885891657249914,
        0.9665496706788622
      ]
    ],
    [
      [
        0.9627466228643109,
        0.0885816770955915,
        -0.25548429823826135
      ],
      [
        -0.08530392501852019,
        0.996068168739657,
        0.023904886531019402
      ],
      [
        0.25659731202761893,
        -0.00122053535736758,
        0.9665176303377204
      ]
    ],
    [
      [
        0.9629712251289148,
        -0.08579646338212069,
        -0.25558831437457635
      ],
      [
        0.0832039016300549,
        0.9963120975254274,
        -0.020959844417822095
      ],
      [
        0.25644401012161117,
        -0.0010822179094722092,
        0.9665584816642723
      ]
    ],
    [
      [
        0.9615466554540386,
        0.08863131380735785,
        0.25994714770109406
      ],
      [
        -0.0859221773011644,
        0.9960635406826167,
        -0.021789960317466408
      ],
      [
        -0.2608551491402461,
        -0.001383161447969329,
        0.9653769616224686
      ]
    ],
    [
      [
        0.9617858605949378,
        -0.08602081641115991,
        0.25993918039343844
      ],
      [
        0.08272291076271443,
        0.9962925978461247,
        0.023621589954195797
      ],
      [
        -0.26100742976896074,
        -0.0012159855992974079,
        0.9653360259435174
      ]
    ],
    [
      [
        0.9616007222365764,
        0.08839123065995258,
        0.2598288693284749
      ],
      [
        -0.0857414379698759,
        0.9960846015690311,
        -0.021537695603814203
      ],
      [
        -0.26071527920118637,
        -0.0015674372343711506,
        0.965414463498224
      ]
    ],
    [
      [
        0.9618270180051948,
        -0.08608298987034643,
        0.259766253178154
      ],
      [
        0.08274709694848134,
        0.9962870293498695,
        0.023771266180225726
      ],
      [
        -0.26084805037000675,
        -0.0013689427286577953,
        0.9653789000252555
      ]
    ],
    [
      [
        0.9628663377052713,
        0.08833950956811931,
        -0.2551167316412294
      ],
      [
        -0.08514945428012638,
        0.996089972957446,
        0.02354434559361362
      ],
      [
        0.2561991142643463,
        -0.0009470073384098554,
        0.9666235653175779
      ]
    ],
    [
      [
        0.9630454870541574,
        -0.08585190188112043,
        -0.25528971935433575
      ],
      [
        0.0831763703623481,
        0.99630763373832,
        -0.021278871400885344
      ],
      [
        0.25617392778728776,
        -0.0007415511744877281,
        0.9666304199764713
      ]
    ],
    [
      [
        0.96275260249854,
        0.08851452141482166,
        -0.25548504042505743
      ],
      [
        -0.08535998964467881,
        0.9960746033963129,
        0.02343195759509071
      ],
      [
        0.25655622882742196,
        -0.0007509777512557624,
        0.9665290153338743
      ]
    ],
    [
      [
        0.9630002798501358,
        -0.08578406936892251,
        -0.25548298270348363
      ],
      [
        0.08309076981955886,
        0.9963135203439611,
        -0.021337599457691897
      ],
      [
        0.256371575997328,
        -0.0006801634595420946,
        0.9665780632718265
      ]
    ],
    [
      [
        0.961470751930526,
        0.08870333610956227,
        0.26020321163502746
      ],
      [
        -0.08589216222477569,
        0.9960575615689021,
        -0.02217815388542533
      ],
      [
        -0.26114465273197096,
        -0.0010257701725126089,
        0.9652991340227399
      ]
    ],
    [
      [
        0.961753670111623,
        -0.08590941068588342,
        0.26009508104235257
      ],
      [
        0.08269563897685253,
        0.9963025501565138,
        0.023295060545910917
      ],
      [
        -0.2611346574490522,
        -0.0008953810539687017,
        0.9653019677653903
      ]
    ],
    [
      [
        0.9614608259472686,
        0.0888305916546874,
        0.2601964760619844
      ],
      [
        -0.08601648874176851,
        0.9960462151933238,
        -0.02220587452888465
      ],
      [
        -0.26114027616079033,
        -0.0010311087884106729,
        0.9653003123284137
      ]
    ],
    [
      [
        0.96172559837709,
        -0.08595922741203722,
        0.2601824064938935
      ],
      [
        0.08275170651085058,
        0.99629828724441,
        0.023278271056865113
      ],
      [
        -0.26122026815653115,
        -0.0008567710198781955,
        0.9652788392209006
      ]
    ],
    [
      [
        0.9627660781475393,
        0.08863884862626507,
        -0.25539113783100725
      ],
      [
        -0.0854135862914958,
        0.9960633102025367,
        0.023715002534062037
      ],
      [
        0.2564878126641336,
        -0.001018126993765826,
        0.9665469286962703
      ]
    ],
    [
      [
        0.9629858679326401,
        -0.08564071440533177,
        -0.25558537946871024
      ],
      [
        0.083001946252132,
        0.9963256948614632,
        -0.021113660913758384
      ],
      [
        0.2564544697999596,
        -0.0008819268492215732,
        0.9665559099838221
      ]
    ],
    [
      [
        0.9626919821765406,
        0.08865828864893535,
        -0.25566355881674885
      ],
      [
        -0.08536890879962244,
        0.9960613307564687,
        0.023957770806449237
      ],
      [
        0.2567806395804888,
        -0.0012382348301779346,
        0.9664689182333494
      ]
    ],
    [
      [
        0.9629922102170301,
        -0.0855483977170833,
        -0.2555923995531931
      ],
      [
        0.08298189608542798,
        0.996333351128021,
        -0.020829266719569087
      ],
      [
        0.2564371423631659,
        -0.0011511203444703952,
        0.966560224165347
      ]
    ],
    [
      [
        0.9615585631692173,
        0.08871073759469772,
        0.259875998567307
      ],
      [
        -0.08599740942142997,
        0.996056486153396,
        -0.021815635781528772
      ],
      [
        -0.2607864551098335,
        -0.001371651250885876,
        0.9653955372820472
      ]
    ],
    [
      [
        0.9618196739860625,
        -0.08581600474606076,
        0.25988175784915896
      ],
      [
        0.0825157923591824,
        0.9963102084762477,
        0.02360323065498254
      ],
      [
        -0.2609483832957796,
        -0.0012577024449726242,
        0.965351935534331
      ]
    ],
    [
      [
        0.9616064581651879,
        0.08855534335716195,
        0.25975174836350606
      ],
      [
        -0.08592649509389216,
        0.9960698700292471,
        -0.021481421293723053
      ],
      [
        -0.26063318487077264,
        -0.0016628838847754443,
        0.9654364700804002
      ]
    ],
    [
      [
        0.9618383366308786,
        -0.08594212867078663,
        0.25977098511319313
      ],
      [
        0.08260702952372684,
        0.9962991689159812,
        0.023749625062119445
      ],
      [
        -0.26085070990973164,
        -0.0013843904287028433,
        0.9653781593773136
      ]
    ],
    [
      [
        0.9674492614567347,
        0.08291647800034573,
        -0.23909576362377766
      ],
      [
        -0.07997528160829263,
        0.9965541665352131,
        0.021994260455436194
      ],
      [
        0.24009556605338106,
        -0.0021565800067374213,
        0.9707468610941689
      ]
    ],
    [
      [
        0.9627630401869327,
        0.08858067016798479,
        -0.25542277369609284
      ],
      [
        -0.08549968153763562,
        0.9960688986971143,
        0.02316362461449063
      ],
      [
        0.2564705302895007,
        -0.0004625158471203497,
        0.9665519402350367
      ]
    ],
    [
      [
        0.9629793656928181,
        -0.0856843421649283,
        -0.25559525574161457
      ],
      [
        0.08292431697204077,
        0.9963222466693881,
        -0.021576339967276086
      ],
      [
        0.25650399393494516,
        -0.00041749182800734745,
        0.966543080672556
      ]
    ],
    [
      [
        0.9683076898294848,
        0.08074745158018484,
        0.23634734371342458
      ],
      [
        -0.07816700759573036,
        0.9967339106884276,
        -0.02028374243778029
      ],
      [
        -0.23721327269066328,
        0.0011663391697453625,
        0.9714568970944237
      ]
    ],
    [
      [
        0.9614211013660156,
        0.08869175998781341,
        0.26039054813572293
      ],
      [
        -0.085818693651376,
        0.9960587954589896,
        -0.02240597707663193
      ],
      [
        -0.26135152126614725,
        -0.0008047975219763175,
        0.9652433551352838
      ]
    ],
    [
      [
        0.9617365160637358,
        -0.08587434088151885,
        0.26017008138475906
      ],
      [
        0.08275242872699545,
        0.9963058280324172,
        0.02295065507611542
      ],
      [
        -0.2611798407407643,
        -0.0005427769375948542,
        0.9652900062591682
      ]
    ],
    [
      [
        0.9626809417473978,
        0.08866025524826478,
        -0.2557044456704964
      ],
      [
        -0.08536026436320578,
        0.9960611090946397,
        0.023997754415775882
      ],
      [
        0.25682490078687253,
        -0.0012751817395213402,
        0.9664571093676866
      ]
    ],
    [
      [
        0.9629976371689434,
        -0.08560005141106665,
        -0.25555465561295293
      ],
      [
        0.08300205559089356,
        0.9963290447439356,
        -0.020954554810906776
      ],
      [
        0.2564102368758285,
        -0.001032374960867638,
        0.966567496157005
      ]
    ],
    [
      [
        0.9627167118868154,
        0.0886606551337819,
        -0.25556960086263625
      ],
      [
        -0.08529042819604239,
        0.9960606670510386,
        0.02426294318453495
      ],
      [
        0.2567139955514197,
        -0.0015607001918462107,
        0.9664861554636657
      ]
    ],
    [
      [
        0.9629317027236087,
        -0.085605936383177,
        -0.25580101552920237
      ],
      [
        0.08311269202098269,
        0.9963280033127037,
        -0.02056186372745989
      ],
      [
        0.25662193264574457,
        -0.0014606405720794472,
        0.9665107605268978
      ]
    ],
    [
      [
        0.9615259753425338,
        0.08888830478765787,
        0.2599358921225884
      ],
      [
        -0.08623830054687166,
        0.9960402459339032,
        -0.02160518453328719
      ],
      [
        -0.2608270581446198,
        -0.0016424834569625912,
        0.9653841452953933
      ]
    ],
    [
      [
        0.9618433699074675,
        -0.08573609872277145,
        0.2598204247953689
      ],
      [
        0.08239669898192405,
        0.9963168642866633,
        0.023737942936841665
      ],
      [
        -0.26089866952885926,
        -0.001423837697823312,
        0.96536514175947
      ]
    ],
    [
      [
        0.9615921507708818,
        0.08872403241519834,
        0.2597471494508003
      ],
      [
        -0.08608373932703232,
        0.9960548940594823,
        -0.021546179327868186
      ],
      [
        -0.26063408334157895,
        -0.0016413689834825218,
        0.9654362643429937
      ]
    ],
    [
      [
        0.9618179280256303,
        -0.08587719934946117,
        0.2598680048801253
      ],
      [
        0.08249872044185741,
        0.9963045244305374,
        0.023900956564481574
      ],
      [
        -0.26096021622833654,
        -0.001549590634291562,
        0.9653483124318011
      ]
    ],
    [
      [
        0.9677930987045844,
        0.08261403632126607,
        -0.23780546482889592
      ],
      [
        -0.07965321515387536,
        0.9965787335789416,
        0.022049786707436826
      ],
      [
        0.238813490857257,
        -0.0023976615485820536,
        0.9710624942832822
      ]
    ],
    [
      [
        0.9628098628633156,
        0.08862946749044104,
        -0.25522928018839175
      ],
      [
        -0.0855122083241257,
        0.9960644753754134,
        0.023307147458108225
      ],
      [
        0.25629051913922807,
        -0.0006151320699898533,
        0.966599602426921
      ]
    ],
    [
      [
        0.9630310166905729,
        -0.08566867562429013,
        -0.255405831782874
      ],
      [
        0.08292917618820463,
        0.9963235663382131,
        -0.0214965787010431
      ],
      [
        0.2563084326132624,
        -0.0004787231815824595,
        0.9665949297381237
      ]
    ],
    [
      [
        0.9682910874447552,
        0.0807578416484824,
        0.23641180382403093
      ],
      [
        -0.07819667075855177,
        0.9967331678931319,
        -0.02020575917902034
      ],
      [
        -0.23727125965302265,
        0.0010784405410373711,
        0.9714428373860541
      ]
    ],
    [
      [
        0.9614526834598206,
        0.08881010190699459,
        0.2602335552291049
      ],
      [
        -0.08596269201275569,
        0.9960481652493124,
        -0.022326398845288434
      ],
      [
        -0.26118796497892177,
        -0.0009046008777471894,
        0.9652875367720345
      ]
    ],
    [
      [
        0.961763209400988,
        -0.0858619449635963,
        0.2600754802932794
      ],
      [
        0.08272701375956203,
        0.9963068619233314,
        0.022997349388776286
      ],
      [
        -0.2610895827817281,
        -0.0006027367191184969,
        0.9653143873740362
      ]
    ],
    [
      [
        0.9627095811951949,
        0.08869957450631509,
        -0.2555829567036332
      ],
      [
        -0.08539121597562536,
        0.9960575577572983,
        0.024035013392352964
      ],
      [
        0.25670723111976546,
        -0.0013141982214041718,
        0.9664883187984521
      ]
    ],
    [
      [
        0.9629940228475301,
        -0.08526688032492258,
        -0.2556796258593677
      ],
      [
        0.08271797305982914,
        0.9963574377601592,
        -0.020726629076727232
      ],
      [
        0.2565155919097401,
        -0.0011896804891162287,
        0.9665393606923257
      ]
    ],
    [
      [
        0.9627057709072778,
        0.08885305969701561,
        -0.25554399316811
      ],
      [
        -0.08546135645437901,
        0.9960434256831969,
        0.024369052223261342
      ],
      [
        0.25669817921988075,
        -0.001621090916959285,
        0.9664902569862965
      ]
    ],
    [
      [
        0.9629218399519265,
        -0.08557175650846881,
        -0.2558495742260516
      ],
      [
        0.08309671591995955,
        0.9963308341470348,
        -0.020489136906939244
      ],
      [
        0.256664111139275,
        -0.0015308219782479565,
        0.9664994519590566
      ]
    ],
    [
      [
        0.9615555167153329,
        0.08889131917764376,
        0.25982556003820645
      ],
      [
        -0.08626638564581893,
        0.9960398301482326,
        -0.021512030724387232
      ],
      [
        -0.26070883947790535,
        -0.0017292001441125172,
        0.9654159263679803
      ]
    ],
    [
      [
        0.9618749296170109,
        -0.08566580379675835,
        0.25972675995000094
      ],
      [
        0.0823126342117793,
        0.9963228070733363,
        0.0237801252020506
      ],
      [
        -0.2608088380852688,
        -0.0014947124682310915,
        0.9653893079018688
      ]
    ],
    [
      [
        0.9616587151844055,
        0.08876239699752705,
        0.25948748021654533
      ],
      [
        -0.08615644093940572,
        0.9960512811492112,
        -0.021422254915623697
      ],
      [
        -0.26036432780727337,
        -0.001755619625280501,
        0.9655088475022888
      ]
    ],
    [
      [
        0.9618351546446998,
        -0.08574012909368792,
        0.2598495055846829
      ],
      [
        0.082355366162771,
        0.9963162601202743,
        0.023906139047236007
      ],
      [
        -0.26094200304627524,
        -0.001593763767814376,
        0.9653531638541669
      ]
    ],
    [
      [
        0.9628189701826356,
        0.08836498144782198,
        -0.25528662462059243
      ],
      [
        -0.08526640511949032,
        0.9960879995340688,
        0.023202097797744257
      ],
      [
        0.25633819616757886,
        -0.000572047151214233,
        0.9665869862291799
      ]
    ],
    [
      [
        0.963065153202653,
        -0.08585081030148561,
        -0.2552158871569899
      ],
      [
        0.08307682073447031,
        0.9963079415664271,
        -0.02165011381776595
      ],
      [
        0.2561322950028046,
        -0.00035205432516841224,
        0.9666416727590162
      ]
    ],
    [
      [
        0.9628073802740665,
        0.08872707529458945,
        -0.25520473075446226
      ],
      [
        -0.08564857467904322,
        0.996055871963294,
        0.023173726133070123
      ],
      [
        0.2562543075642587,
        -0.0004539131089012355,
        0.9666092922260018
      ]
    ],
    [
      [
        0.9630479486533693,
        -0.08577365038043105,
        -0.2553067360939642
      ],
      [
        0.0829651531031041,
        0.9963146262070985,
        -0.02177036922948552
      ],
      [
        0.2562331593785551,
        -0.00021565302040707675,
        0.9666149810181192
      ]
    ],
    [
      [
        0.9613408011961466,
        0.08880327052361192,
        0.26064888854522594
      ],
      [
        -0.08593200477021143,
        0.9960488227564501,
        -0.022415022678166294
      ],
      [
        -0.26160954591093155,
        -0.0008496056735604832,
        0.9651734163654095
      ]
    ],
    [
      [
        0.9616556210942403,
        -0.08596221016585923,
        0.26043994478814453
      ],
      [
        0.08284672186603936,
        0.9962982817308409,
        0.022938057812839238
      ],
      [
        -0.26144767563300736,
        -0.0004819165640314472,
        0.9652175302295971
      ]
    ],
    [
      [
        0.9613820123045138,
        0.08889047865487093,
        0.26046709815604757
      ],
      [
        -0.08599750877383688,
        0.9960411143056909,
        -0.022506156877001957
      ],
      [
        -0.26143652174479765,
        -0.0007625071713173257,
        0.9652203705272678
      ]
    ],
    [
      [
        0.9617007492618878,
        -0.08593038281220208,
        0.26028376472394876
      ],
      [
        0.08284163296057079,
        0.9963010642135222,
        0.022835351878811173
      ],
      [
        -0.26128324232056976,
        -0.00039844290865463997,
        0.9652620931776503
      ]
    ],
    [
      [
        0.9626765351786272,
        0.08899412017393886,
        -0.2556050374913229
      ],
      [
        -0.08562877807589812,
        0.9960310306563538,
        0.02428782276925691
      ],
      [
        0.2567520223517288,
        -0.0014941700401146975,
        0.9664761592890894
      ]
    ],
    [
      [
        0.9629750731970307,
        -0.08562395415339412,
        -0.2556316625074265
      ],
      [
        0.08315466665944034,
        0.9963263323693272,
        -0.020472929449454558
      ],
      [
        0.25644552991606373,
        -0.0015420449482574598,
        0.9665574542071707
      ]
    ],
    [
      [
        0.9626747697113108,
        0.08884393111446168,
        -0.2556639271884153
      ],
      [
        -0.08540577324573301,
        0.9960439495051376,
        0.0245418937839998
      ],
      [
        0.25683290610350723,
        -0.001790686554224069,
        0.9664541643472242
      ]
    ],
    [
      [
        0.9629241303752311,
        -0.08560327581144601,
        -0.2558304092782062
      ],
      [
        0.08320466276989956,
        0.9963276217526175,
        -0.020205301930937503
      ],
      [
        0.2566205432822015,
        -0.001830110139461558,
        0.9665105004408514
      ]
    ],
    [
      [
        0.9615407404091063,
        0.08887950508498983,
        0.25988427830354716
      ],
      [
        -0.0863121884411698,
        0.9960404712998209,
        -0.021297550547596328
      ],
      [
        -0.26074817479707174,
        -0.0019527182793970359,
        0.9654048768425182
      ]
    ],
    [
      [
        0.9618774713109897,
        -0.08570154134727395,
        0.2597055563423277
      ],
      [
        0.08230226176040281,
        0.9963194584850291,
        0.023955674760289713
      ],
      [
        -0.26080273751151195,
        -0.0016680691832586698,
        0.9653906720347476
      ]
    ],
    [
      [
        0.9616256671000598,
        0.08881193110470312,
        0.2595929838570727
      ],
      [
        -0.0862616194437193,
        0.9960464369095524,
        -0.02122330159828787
      ],
      [
        -0.26045154901691775,
        -0.0019840396262190366,
        0.9654848803588018
      ]
    ],
    [
      [
        0.9618338002647292,
        -0.0857067680399985,
        0.25986552403204044
      ],
      [
        0.08226519475156632,
        0.9963187545649913,
        0.024111761332419993
      ],
      [
        -0.2609754363935348,
        -0.0018136190897240292,
        0.9653437379426054
      ]
    ],
    [
      [
        0.9628600584886043,
        0.08835514275940617,
        -0.2551350162468623
      ],
      [
        -0.08525941007165819,
        0.99608886973418,
        0.023190441693011134
      ],
      [
        0.2561861447493884,
        -0.000576489071078861,
        0.9666272947205643
      ]
    ],
    [
      [
        0.9630681309749589,
        -0.08586126319653865,
        -0.255201133584266
      ],
      [
        0.08308766601652566,
        0.9963070402250214,
        -0.021649973533105982
      ],
      [
        0.25611758013913444,
        -0.00035366700810253796,
        0.9666455710669354
      ]
    ],
    [
      [
        0.9628152269820588,
        0.088836197540523,
        -0.2551371566393816
      ],
      [
        -0.0857493639477101,
        0.9960461341180707,
        0.023219502385059883
      ],
      [
        0.25619111084120444,
        -0.0004782415580276318,
        0.9666260321401252
      ]
    ],
    [
      [
        0.9630436123046502,
        -0.08581321094486834,
        -0.2553097993155423
      ],
      [
        0.08300514631412488,
        0.9963112180338254,
        -0.021773895042602485
      ],
      [
        0.2562365049804217,
        -0.00022281671184624062,
        0.9666140925251047
      ]
    ],
    [
      [
        0.9613245053823658,
        0.08889765578110038,
        0.26067681551679067
      ],
      [
        -0.08605682888674417,
        0.996040282853702,
        -0.022315401288686344
      ],
      [
        -0.26162839592312526,
        -0.0009806780014144263,
        0.9651681826072336
      ]
    ],
    [
      [
        0.961660355067326,
        -0.08576395088317686,
        0.2604878235555218
      ],
      [
        0.0826276799127099,
        0.9963153137083367,
        0.02298830534209757
      ],
      [
        -0.2614995755331687,
        -0.0005834373717735417,
        0.9652034146213978
      ]
    ],
    [
      [
        0.9613521227208955,
        0.08902350155093149,
        0.26053197944137274
      ],
      [
        -0.08616150980783645,
        0.9960291153388191,
        -0.02240972166279219
      ],
      [
        -0.26149242889166535,
        -0.0009041952117831709,
        0.9652051036247978
      ]
    ],
    [
      [
        0.9616475332437159,
        -0.08583184984984699,
        0.26051279307863134
      ],
      [
        0.0827014772508104,
        0.9963094858251716,
        0.022975511209020305
      ],
      [
        -0.2615233975513666,
        -0.0005495508488302138,
        0.9651969801688433
      ]
    ],
    [
      [
        0.9627030519554727,
        0.08905949736341712,
        -0.2554823666811362
      ],
      [
        -0.08567111862429702,
        0.9960250436336766,
        0.02438384481977144
      ],
      [
        0.25663844838465,
        -0.0015869416840468432,
        0.9665061760934647
      ]
    ],
    [
      [
        0.9629912031544867,
        -0.08546980713880756,
        -0.25562248475971294
      ],
      [
        0.08303448411603959,
        0.9963393898855646,
        -0.020324729027585656
      ],
      [
        0.2564239011766606,
        -0.0016529458904193228,
        0.9665630091593751
      ]
    ],
    [
      [
        0.9626812940834675,
        0.08893994036082921,
        -0.25560597221190373
      ],
      [
        -0.0855016604841229,
        0.9960353927907769,
        0.0245552919465541
      ],
      [
        0.2567765411330212,
        -0.0017841851739297046,
        0.9664691534689697
      ]
    ],
    [
      [
        0.9629532097345191,
        -0.08560959867071091,
        -0.2557188152589232
      ],
      [
        0.08321459114120047,
        0.9963270679112536,
        -0.0201917202973734
      ],
      [
        0.2565081824877919,
        -0.0018358547884661184,
        0.9665403157416692
      ]
    ],
    [
      [
        0.9615893656522734,
        0.08901179212900891,
        0.2596589931553323
      ],
      [
        -0.08647067108877772,
        0.9960284594787081,
        -0.02121628973049285
      ],
      [
        -0.2605162469135374,
        -0.002051528808938465,
        0.965467283921952
      ]
    ],
    [
      [
        0.9618740309629485,
        -0.0856455982831652,
        0.2597367514500161
      ],
      [
        0.08220759802481278,
        0.9963240021224461,
        0.024091359897331452
      ],
      [
        -0.26084527863482515,
        -0.0018205190003516957,
        0.9653789029829115
      ]
    ],
    [
      [
        0.9615900257049321,
        0.08890288565447103,
        0.2596938570453602
      ],
      [
        -0.08638841852855973,
        0.9960379961338802,
        -0.02110335048608941
      ],
      [
        -0.26054109773492995,
        -0.0021417702753516264,
        0.9654603819997821
      ]
    ],
    [
      [
        0.9618759642132803,
        -0.08569573211483975,
        0.25971305505513953
      ],
      [
        0.08222304975905495,
        0.9963194491379044,
        0.024226542424843504
      ],
      [
        -0.26083327923616706,
        -0.0019485294055753728,
        0.9653818952497831
      ]
    ]
  ]
}