{
  "rotations": [
    [
      [
        -0.9843899793344486,
        0.11059583767656513,
        -0.13691212245284543
      ],
      [
        0.0029257870188456464,
        -0.7675147045510031,
        -0.6410246626053532
      ],
      [
        -0.17597672674602297,
        -0.6314188300855507,
        0.7552102042856348
      ]
    ],
    [
      [
        -0.9844031856987765,
        0.11048151228214924,
        -0.13690947165901088
      ],
      [
        0.0029894981490393435,
        -0.7675994291877875,
        -0.6409229120661859
      ],
      [
        -0.17590176487720946,
        -0.6313358470374006,
        0.7552970391565497
      ]
    ],
    [
      [
        -0.9843850661304057,
        0.11064038984805244,
        -0.1369114520911533
      ],
      [
        0.002896726952491012,
        -0.7674929046592058,
        -0.641050895226532
      ],
      [
        -0.17600468900685545,
        -0.6314375229839025,
        0.7551880587082623
      ]
    ]
  ]
}