0.014001 0.999729 0.018588
-0.768048 -0.001151 0.640391
0.640239 -0.023242 0.767824
0.068174 0.997348 -0.025464
-0.984523 0.071384 0.160060
0.161453 0.014158 0.986779
0.014006 0.999902 0.000144
-0.905562 0.012623 0.424027
0.423984 -0.006069 0.905649
0.002165 0.991350 0.131229
-0.898642 -0.055639 0.435141
0.438678 -0.118870 0.890748
-0.050093 0.998168 0.033923
-0.881424 -0.060156 0.468479
0.469662 -0.006433 0.882823
1.000000 0.000000 0.000000
0.000000 1.000000 0.000000
0.000000 0.000000 1.000000
1.000000 0.000000 0.000000
0.000000 1.000000 0.000000
0.000000 0.000000 1.000000
1.000000 0.000000 0.000000
0.000000 1.000000 0.000000
0.000000 0.000000 1.000000
1.000000 0.000000 0.000000
0.000000 1.000000 0.000000
0.000000 0.000000 1.000000
