0.021018 0.998625 0.048028
0.984123 -0.029133 0.175083
0.176241 0.043586 -0.983382
-0.022315 0.999401 -0.026446
0.926008 0.010691 -0.377352
-0.376843 -0.032910 -0.925692
-0.002973 0.999936 0.010925
0.997159 0.003787 -0.075224
-0.075260 0.010670 -0.997107
0.117578 0.991900 0.048059
0.990208 -0.113435 -0.081364
-0.075253 0.057155 -0.995525
-0.002773 0.994866 0.101164
0.999046 -0.001653 0.043641
0.043584 0.101189 -0.993912
-0.123644 0.992234 -0.013527
0.989854 0.124286 0.068859
0.070005 -0.004876 -0.997535
-0.021227 0.999633 0.016835
0.997031 0.022413 -0.073670
-0.074020 0.015221 -0.997141
0.003715 0.997660 -0.068263
0.997315 -0.008689 -0.072713
-0.073136 -0.067810 -0.995014
0.027589 0.999563 0.010595
0.970832 -0.029318 0.237961
0.238168 0.003721 -0.971217
