{
  "rotations": [
    [
      [
        0.96305392584626,
        -0.25080548975242656,
        0.09810067391283532
      ],
      [
        -0.16778136614149175,
        -0.8437037130688666,
        -0.5099151475780087
      ],
      [
        0.21065742115530056,
        0.47461631963497963,
        -0.8546126608284862
      ]
    ],
    [
      [
        0.9605128990142192,
        -0.2543444692392708,
        0.11280009660764828
      ],
      [
        -0.1642197676616942,
        -0.8455005481852752,
        -0.5080951593230725
      ],
      [
        0.2246037371381882,
        0.469507948799371,
        -0.8538825723000598
      ]
    ],
    [
      [
        0.9593391733560823,
        -0.2632187554380985,
        0.10190307772627137
      ],
      [
        -0.17487895244140542,
        -0.8376810873673131,
        -0.5174048200974868
      ],
      [
        0.22155293375955254,
        0.47854600891945015,
        -0.8496517021049278
      ]
    ],
    [
      [
        0.9614242832090931,
        -0.2569942969315121,
        0.09806772660034482
      ],
      [
        -0.1793715574867447,
        -0.856033091405051,
        -0.48480221821304725
      ],
      [
        0.2085406243892581,
        0.44851006428416906,
        -0.8691084686131811
      ]
    ]
  ]
}