{
  "rotations": [
    [
      [
        0.9900673091199624,
        -0.11076434721595445,
        -0.0865908932727949
      ],
      [
        -0.1390633953024664,
        -0.8621497928867818,
        -0.48719514233234007
      ],
      [
        -0.020690468793795908,
        0.4943976072060853,
        -0.8689895917040608
      ]
    ],
    [
      [
        0.8975879449007121,
        -0.0968945535711676,
        -0.4300550274757414
      ],
      [
        -0.2917798827476868,
        -0.8618596381366392,
        -0.4148041274803415
      ],
      [
        -0.3304548096073996,
        0.4978045898133377,
        -0.801866702867822
      ]
    ],
    [
      [
        0.9915911207470055,
        -0.1102990551926116,
        -0.06768432373389358
      ],
      [
        -0.12940439367636283,
        -0.8400785041183466,
        -0.5268041474927224
      ],
      [
        0.0012458543053652932,
        0.5311329639006587,
        -0.8472875677744549
      ]
    ],
    [
      [
        0.9901417302996707,
        -0.12095193011521177,
        0.07063982248406407
      ],
      [
        -0.07454070281578334,
        -0.881984897228847,
        -0.46534538214529375
      ],
      [
        0.1185876787145453,
        0.45549233984955806,
        -0.8823058941180607
      ]
    ],
    [
      [
        0.9912407104549913,
        -0.11082051892795304,
        -0.07183777920581547
      ],
      [
        -0.13203665249630378,
        -0.8433516449406054,
        -0.5208880161546677
      ],
      [
        -0.0028594290084922314,
        0.5258106270897481,
        -0.8505968540414613
      ]
    ],
    [
      [
        0.9889426432933544,
        -0.11459590786778563,
        -0.09412877443115114
      ],
      [
        -0.14506320196750544,
        -0.8793804374540084,
        -0.45348287030287227
      ],
      [
        -0.030807721611428418,
        0.4621231698618399,
        -0.8862804636039079
      ]
    ],
    [
      [
        0.8938877005135933,
        -0.10580417037381416,
        -0.4356262806604188
      ],
      [
        -0.2952581249153211,
        -0.8701614362154524,
        -0.39451453027100264
      ],
      [
        -0.33732390745692736,
        0.4812738850747775,
        -0.8090661462470299
      ]
    ],
    [
      [
        0.9930302630282513,
        -0.11234201955591526,
        -0.035639407292203835
      ],
      [
        -0.11583525874696167,
        -0.8744784115487171,
        -0.4710304667070453
      ],
      [
        0.02175062162481061,
        0.4718758082136981,
        -0.881396693936166
      ]
    ],
    [
      [
        0.9918835815173447,
        -0.11948238742600098,
        0.043484707786859964
      ],
      [
        -0.08058657098327257,
        -0.855278629447386,
        -0.5118635273075813
      ],
      [
        0.09835021755686953,
        0.5042047452231921,
        -0.8579655060670751
      ]
    ],
    [
      [
        0.9911509261325966,
        -0.11039286207034661,
        -0.07371063444587345
      ],
      [
        -0.1320600009012789,
        -0.8761940994083111,
        -0.46351273588113284
      ],
      [
        -0.013416325445142423,
        0.4691453038941944,
        -0.8830190745649688
      ]
    ],
    [
      [
        0.7409518214305715,
        0.46695042857776875,
        0.4826465534630461
      ],
      [
        0.6218757666633246,
        -0.7483774715318884,
        -0.2306549174425726
      ],
      [
        0.25349739477087574,
        0.47105037666323524,
        -0.8448968064147261
      ]
    ],
    [
      [
        0.7902397967795102,
        0.4711440044216108,
        0.3918474073966134
      ],
      [
        0.5956376680013383,
        -0.7408187232074191,
        -0.3104889495670608
      ],
      [
        0.14400288901201197,
        0.4787598003622469,
        -0.8660555533643876
      ]
    ],
    [
      [
        0.8141591578600645,
        0.4699318552600966,
        0.3410409316847385
      ],
      [
        0.5743849504380356,
        -0.7378174711632927,
        -0.3545522640690638
      ],
      [
        0.08501055453816417,
        0.4845507513749282,
        -0.8706226363695734
      ]
    ],
    [
      [
        0.8684654980021408,
        0.4910852982962715,
        0.06784473875810076
      ],
      [
        0.4610160880176219,
        -0.7496967031355667,
        -0.47478312933021344
      ],
      [
        -0.18229603772112318,
        0.4436102829116159,
        -0.8774839437427074
      ]
    ],
    [
      [
        0.8684654980021408,
        0.4910852982962715,
        0.06784473875810076
      ],
      [
        0.4610160880176219,
        -0.7496967031355667,
        -0.47478312933021344
      ],
      [
        -0.18229603772112318,
        0.4436102829116159,
        -0.8774839437427074
      ]
    ],
    [
      [
        0.8698078045588638,
        0.4860311197735013,
        0.08490072873777851
      ],
      [
        0.4690935563854653,
        -0.761304518476831,
        -0.44762335227777916
      ],
      [
        -0.15292357073429091,
        0.4291726700973362,
        -0.8901826783056371
      ]
    ],
    [
      [
        0.8684654980021408,
        0.4910852982962715,
        0.06784473875810076
      ],
      [
        0.4610160880176219,
        -0.7496967031355667,
        -0.47478312933021344
      ],
      [
        -0.18229603772112318,
        0.4436102829116159,
        -0.8774839437427074
      ]
    ],
    [
      [
        0.8670715459142749,
        0.490360107935986,
        0.08794258815180253
      ],
      [
        0.4695136756909816,
        -0.7453189014955198,
        -0.4733462193919536
      ],
      [
        -0.16656483003615488,
        0.4517152860137897,
        -0.8764755888081008
      ]
    ],
    [
      [
        0.8670715459142749,
        0.490360107935986,
        0.08794258815180253
      ],
      [
        0.4695136756909816,
        -0.7453189014955198,
        -0.4733462193919536
      ],
      [
        -0.16656483003615488,
        0.4517152860137897,
        -0.8764755888081008
      ]
    ],
    [
      [
        0.8670715459142749,
        0.490360107935986,
        0.08794258815180253
      ],
      [
        0.4695136756909816,
        -0.7453189014955198,
        -0.4733462193919536
      ],
      [
        -0.16656483003615488,
        0.4517152860137897,
        -0.8764755888081008
      ]
    ],
    [
      [
        0.869483659870379,
        0.4901389676416221,
        0.06133479940145507
      ],
      [
        0.450402540737483,
        -0.7356907046622841,
        -0.505862370977257
      ],
      [
        -0.20281941848755958,
        0.46746441519405174,
        -0.8604308827626141
      ]
    ],
    [
      [
        0.9989899976438745,
        0.02619597277723934,
        0.03650692561344378
      ],
      [
        0.04145096111403035,
        -0.8508807451522896,
        -0.5237210854565695
      ],
      [
        0.017343656771699717,
        0.5247053730803015,
        -0.8511072018438377
      ]
    ],
    [
      [
        0.7431465084994356,
        0.48348753140788714,
        0.46257223638930867
      ],
      [
        0.6250257122179471,
        -0.7484017556648428,
        -0.22189563128693854
      ],
      [
        0.2389061028344547,
        0.45402050514364256,
        -0.8583642903438868
      ]
    ],
    [
      [
        0.7569498085492307,
        0.4714915991044062,
        0.4524628816944575
      ],
      [
        0.6076505152277474,
        -0.7625647544155907,
        -0.22193658253326132
      ],
      [
        0.24039101206312996,
        0.44293415684169113,
        -0.8637253579826195
      ]
    ],
    [
      [
        0.7481743395017226,
        0.4641296451087064,
        0.4741506408752677
      ],
      [
        0.611902239325087,
        -0.7589575024101458,
        -0.2226188649784589
      ],
      [
        0.25653617136790796,
        0.45669156119488313,
        -0.8518344972547635
      ]
    ],
    [
      [
        0.863701720357455,
        0.49732450113899435,
        0.08177822948941482
      ],
      [
        0.45264390044292285,
        -0.6940486138978081,
        -0.559830350140423
      ],
      [
        -0.22165928278190916,
        0.5205428532920048,
        -0.824561883816629
      ]
    ],
    [
      [
        0.7523575242889734,
        0.4789727849906199,
        0.4522645540876455
      ],
      [
        0.6185776493123073,
        -0.7497620930893096,
        -0.23498616031076713
      ],
      [
        0.22653884306455602,
        0.4565543505483951,
        -0.8603710115864583
      ]
    ],
    [
      [
        0.8559442934301142,
        -0.0030786829975104346,
        0.5170588827739281
      ],
      [
        0.25853324979742676,
        -0.8634627292422128,
        -0.4331196993427688
      ],
      [
        0.4477945123531587,
        0.5044032483247802,
        -0.7382800537640217
      ]
    ],
    [
      [
        0.9970253148707265,
        -0.008083526795176195,
        0.0766497103809321
      ],
      [
        0.032751104346634294,
        -0.8558022960749452,
        -0.5162652372539989
      ],
      [
        0.06977024201624196,
        0.5172398733928036,
        -0.8529918092816552
      ]
    ],
    [
      [
        0.991259016785004,
        0.01890685843064955,
        -0.13056834358568534
      ],
      [
        -0.05752345925248869,
        -0.8287114575205412,
        -0.5567121085532518
      ],
      [
        -0.11872915934198082,
        0.5593566401487191,
        -0.8203801166797516
      ]
    ],
    [
      [
        0.9010758144466664,
        -0.02723198340391947,
        0.43280572512290655
      ],
      [
        0.21646697342804638,
        -0.8365548369312445,
        -0.5033071171976811
      ],
      [
        0.375771773865704,
        0.5472060159453909,
        -0.7479045059892304
      ]
    ],
    [
      [
        0.9986618053921491,
        0.006018036783751611,
        0.051365179685880995
      ],
      [
        0.03335644932614862,
        -0.8339564255554074,
        -0.5508212301311565
      ],
      [
        0.03952145922464793,
        0.5517974841444256,
        -0.8330411699025666
      ]
    ],
    [
      [
        0.9883350592768433,
        0.026638829483172845,
        -0.1499472686246921
      ],
      [
        -0.07014229615369155,
        -0.7943192529868721,
        -0.6034376377262736
      ],
      [
        -0.13518087473650608,
        0.606916219175385,
        -0.7831850573187215
      ]
    ],
    [
      [
        0.8657985605284391,
        -0.49860891108940736,
        0.0422138172772569
      ],
      [
        -0.393726989104016,
        -0.7308776518982701,
        -0.5574916286427599
      ],
      [
        0.308823429548291,
        0.46605473041039536,
        -0.8291086042395925
      ]
    ],
    [
      [
        0.8659417410592379,
        -0.48736010024346316,
        -0.1123611755989438
      ],
      [
        -0.48034075593121567,
        -0.7478017842178015,
        -0.4583287572388416
      ],
      [
        0.1393472614826839,
        0.4508576540454362,
        -0.881651697954426
      ]
    ],
    [
      [
        0.864307468676168,
        -0.5027246171300004,
        0.015509962027355967
      ],
      [
        -0.39482125948861785,
        -0.6972534156807122,
        -0.5982924430221408
      ],
      [
        0.3115907133507304,
        0.5109849642142854,
        -0.801127701244008
      ]
    ],
    [
      [
        0.861405910228168,
        -0.48487611541481856,
        -0.1512448694145196
      ],
      [
        -0.48904175968475305,
        -0.7113462554336554,
        -0.5048016067376933
      ],
      [
        0.13717877061856104,
        0.5088041446182923,
        -0.849882537360798
      ]
    ],
    [
      [
        0.7657869685315982,
        0.4559116757367933,
        0.45355800373717703
      ],
      [
        0.594139526950296,
        -0.7714682072146517,
        -0.2276730721281936
      ],
      [
        0.2461067681768676,
        0.44382580950625244,
        -0.8616554470747906
      ]
    ],
    [
      [
        0.8645831954314069,
        0.5005442029363393,
        0.04417464300301159
      ],
      [
        0.44932094554540675,
        -0.7307508490111698,
        -0.5139201149630516
      ],
      [
        -0.22495907643791635,
        0.4641752875544748,
        -0.8566998986529182
      ]
    ],
    [
      [
        0.853552642561516,
        0.5113625617855669,
        -0.09978084375448151
      ],
      [
        0.358962341919559,
        -0.7160007628691073,
        -0.5987394630843051
      ],
      [
        -0.377616105932837,
        0.47523808556865327,
        -0.7947042459715198
      ]
    ],
    [
      [
        0.7635067401358456,
        0.49043275140849873,
        0.42015851069926424
      ],
      [
        0.6161289668225136,
        -0.7481216165238445,
        -0.24637196092894087
      ],
      [
        0.19350078555229697,
        0.4469784818485554,
        -0.8733657210785208
      ]
    ],
    [
      [
        0.8768178701535707,
        0.00380338526942528,
        0.48080760896625563
      ],
      [
        0.25929501069811134,
        -0.8458444901987479,
        -0.4661686345384969
      ],
      [
        0.4049154479720696,
        0.5334160033790819,
        -0.7426377632013238
      ]
    ],
    [
      [
        0.9993340537576721,
        0.00433256719831627,
        0.036230896507391676
      ],
      [
        0.022643789065054737,
        -0.8522426386851089,
        -0.5226564298119946
      ],
      [
        0.028613070737594035,
        0.5231287735046842,
        -0.8517731966400741
      ]
    ],
    [
      [
        0.9915028817478962,
        0.00651508379984618,
        -0.12992147308547236
      ],
      [
        -0.06473584766032012,
        -0.8415810941127546,
        -0.5362373840564257
      ],
      [
        -0.11283308696175057,
        0.5400914882823648,
        -0.8340083205649823
      ]
    ],
    [
      [
        0.8635685229439661,
        0.005002580212375596,
        0.5042066841798064
      ],
      [
        0.2427262051315536,
        -0.880593963296718,
        -0.40698680709307195
      ],
      [
        0.44196537819473064,
        0.47384517091197326,
        -0.7616674855083362
      ]
    ],
    [
      [
        0.998442702018166,
        -0.0006879310284850313,
        0.05578259170711819
      ],
      [
        0.02831446480285152,
        -0.8553092616384013,
        -0.517343558999724
      ],
      [
        0.048067264011914454,
        0.518117355148882,
        -0.8539578118525154
      ]
    ],
    [
      [
        0.9932663094185726,
        0.008268214373952289,
        -0.11555810315626806
      ],
      [
        -0.057362977680857165,
        -0.831502724677758,
        -0.552551090529238
      ],
      [
        -0.10065548850208718,
        0.555459139347379,
        -0.8254293532155706
      ]
    ],
    [
      [
        0.7590243725894006,
        -0.48981444064505913,
        0.4289100320006927
      ],
      [
        -0.12373612127943262,
        -0.7553051920944251,
        -0.6435863882074615
      ],
      [
        0.6391958808581208,
        0.4354260907786436,
        -0.6339027885750619
      ]
    ],
    [
      [
        0.8703247619408148,
        -0.4896153910906045,
        0.05302431102671752
      ],
      [
        -0.39274484147661604,
        -0.7549979294314905,
        -0.5250996248786223
      ],
      [
        0.29713010323117944,
        0.4361821813891032,
        -0.849387312356661
      ]
    ],
    [
      [
        0.8637441021725669,
        -0.48847357579943457,
        -0.12385350906542893
      ],
      [
        -0.48738305226803397,
        -0.7472920596657944,
        -0.45167724972855317
      ],
      [
        0.12807765739582003,
        0.45049766182097883,
        -0.8835428514621292
      ]
    ],
    [
      [
        0.8668966067342414,
        -0.49817485612168694,
        0.01766595485092365
      ],
      [
        -0.4115325002488596,
        -0.7352256216151071,
        -0.538594733133923
      ],
      [
        0.2813028163235852,
        0.45963583198964797,
        -0.8423797406630832
      ]
    ],
    [
      [
        0.8673272265732233,
        -0.47459954726359094,
        -0.14999583921560966
      ],
      [
        -0.48042546412484594,
        -0.7194517042129547,
        -0.5015781282367701
      ],
      [
        0.1301339904299677,
        0.5070941875453413,
        -0.8520097590359533
      ]
    ],
    [
      [
        0.7610703785774717,
        0.4789086425368214,
        0.43751387515767093
      ],
      [
        0.6056451476975042,
        -0.7661736810578252,
        -0.214876349384408
      ],
      [
        0.23230547544647193,
        0.42851418011291165,
        -0.873160789041599
      ]
    ],
    [
      [
        0.864321412083969,
        0.4970419620616907,
        0.07679703485837888
      ],
      [
        0.46353867166844875,
        -0.7280207180165873,
        -0.5050918075028172
      ],
      [
        -0.19514199056334416,
        0.4721600598192076,
        -0.8596420658800371
      ]
    ],
    [
      [
        0.7596063224070998,
        0.4869860535977684,
        0.43109490667419503
      ],
      [
        0.6146343802831379,
        -0.7542331427813798,
        -0.230991222569356
      ],
      [
        0.2126565624031493,
        0.4404281438911394,
        -0.8722386350853081
      ]
    ],
    [
      [
        0.7511986742146128,
        0.4683467964552264,
        0.46513635646800777
      ],
      [
        0.6222114500386672,
        -0.7376613595467181,
        -0.26212331081471263
      ],
      [
        0.22034850419048924,
        0.48631985038841874,
        -0.845540974654215
      ]
    ],
    [
      [
        0.7478276466048868,
        0.4860302562109824,
        0.4522481630928803
      ],
      [
        0.6246824489440597,
        -0.7457843856846693,
        -0.23146811454321903
      ],
      [
        0.22477911147313015,
        0.4556097454142386,
        -0.8613327527320223
      ]
    ],
    [
      [
        0.7302867918622004,
        0.4868187077741786,
        0.47925853919642836
      ],
      [
        0.6269123225488671,
        -0.7563034832399502,
        -0.1870453984344537
      ],
      [
        0.2714077034057819,
        0.43704986786429434,
        -0.857511091200459
      ]
    ],
    [
      [
        0.7478276466048868,
        0.4860302562109824,
        0.4522481630928803
      ],
      [
        0.6246824489440597,
        -0.7457843856846693,
        -0.23146811454321903
      ],
      [
        0.22477911147313015,
        0.4556097454142386,
        -0.8613327527320223
      ]
    ]
  ]
}