{
  "rotations": [
    [
      [
        0.9999999842014707,
        -0.00017760887630934686,
        -7.221186214014128e-06
      ],
      [
        0.00017760887626549929,
        0.9999999842275435,
        -6.713349496301123e-09
      ],
      [
        7.221187292468742e-06,
        5.43080262146511e-09,
        0.9999999999739273
      ]
    ],
    [
      [
        0.9999999831874095,
        2.3858869092106696e-05,
        0.00018181291310571078
      ],
      [
        -2.3858867346882593e-05,
        0.9999999997153772,
        -1.1767935833928248e-08
      ],
      [
        -0.00018181291333473233,
        7.430085460339316e-09,
        0.9999999834720322
      ]
    ],
    [
      [
        0.9999999920881705,
        9.677541298749405e-05,
        8.03627932404991e-05
      ],
      [
        -9.677541249060373e-05,
        0.9999999953172598,
        -1.0071660456226487e-08
      ],
      [
        -8.036279383887011e-05,
        2.294517911794825e-09,
        0.9999999967709108
      ]
    ],
    [
      [
        0.9999999815742379,
        0.00011148936248394855,
        -0.00015627426594859095
      ],
      [
        -0.00011148935651358237,
        0.9999999937850607,
        4.6915868586314716e-08
      ],
      [
        0.0001562742702079761,
        -2.9492950371613235e-08,
        0.9999999877891759
      ]
    ],
    [
      [
        0.7499372193418298,
        0.500304058976398,
        -0.4327701648884609
      ],
      [
        -0.43327334813155244,
        0.8658497789630111,
        0.250156683038011
      ],
      [
        0.49986835551444875,
        -9.40289646339243e-05,
        0.8661013903197678
      ]
    ],
    [
      [
        0.7502299612353732,
        0.49987847773599375,
        -0.4327545641135587
      ],
      [
        -0.43295100628938715,
        0.8660955482498545,
        0.24986381781840938
      ],
      [
        0.49970834635592953,
        -9.37983467372977e-05,
        0.866193719547823
      ]
    ]
  ]
}